100800
100833
100707
100344
10064
100892
101201
101280
101295
101413
1015
101561
10180
101818
101909
101974
102198
102327
102341
102350
102383
102756
102770
102775
102786
102941
103090
103117
103118
103120
103249
103534
103633
103808
10384
103920
104347
104366
104372
104494
104500
104504
104712
104737
10492
104997
105027
105539
105780
10602
10654
106810
10687
106873
107111
107230
107337
107687
107705
107706
107709
107716
107776
107918
107992
108194
108247
108405
108580
108628
10872
108788
10894
109195
109204
109595
109753
11030
110311
110323
110416
110557
110669
110936
111167
111170
111312
11141
111606
111787
111814
111985
112070
112124
112169
112573
112668
112768
112788
112858
113052
11312
113186
113192
113380
113592
113628
113773
114138
114322
114369
114378
114379
114536
11501
115024
115144
115226
115348
115598
11593
115952
116101
116177
1164
116596
116893
117075
117368
117409
11773
117923
118002
118171
118408
118433
118660
118665
118792
118972
119215
119385
119487
119952
120326
120328
120511
120595
120631
120721
120959
120989
121208
121312
121361
121638
121764
121944
122147
122473
122538
122539
122553
122730
12275
122814
122929
123137
123237
123315
123426
123451
123802
123900
124
124119
124196
124244
124481
124498
124578
124690
124908
125100
125406
125774
125825
126017
12604
126184
126263
126382
126430
126433
126441
126757
126779
12681
126867
126868
127075
127277
127282
127341
127388
127411
127683
127958
127960
128025
128205
128438
128604
128627
128696
128781
128824
128999
12902
129020
129068
129164
129187
129787
130042
130135
130445
130635
13087
13095
13097
13103
13108
13121
13123
131492
13169
131874
131921
131925
13213
132215
132278
132284
132286
132287
132318
13248
132521
132608
132756
132763
133069
133152
13316
133720
133735
133761
134195
134221
134224
134225
134228
134663
134894
134925
134980
135071
135151
135302
135305
135539
135637
135843
135942
135953
135956
136210
136220
136222
136234
13636
136590
136696
136793
136947
136963
137008
137114
137236
137370
13739
137392
13768
137824
138428
138446
138586
138799
138828
13905
139102
139160
139165
139308
139315
13933
139356
139540
139674
139700
139890
14011
140434
140456
140470
140620
14092
140989
141007
141226
141751
142514
142595
142708
142827
143005
143084
143104
14311
143180
143357
143359
143438
143456
143750
144067
144151
144191
144193
144241
144320
144348
14445
144469
145526
145542
145911
145932
14599
146209
146452
146453
146709
147000
147122
147145
147273
147613
147760
147766
147835
147842
147912
147969
147982
148008
148221
148286
148545
148899
149180
149301
149339
149458
14981
149946
149965
149985
150048
150243
150312
150371
150755
151254
151259
15147
151478
151824
152237
152486
152557
15270
152841
15289
152903
153118
153172
153222
153287
153577
153636
153687
153688
153920
153965
153991
154047
154066
154141
154244
154321
154372
1547
154864
154922
154972
155025
155031
155320
155398
155533
155537
155666
156093
156498
157044
157416
157564
157624
157724
158023
158056
158287
158327
158407
158454
158497
158534
158573
15859
158734
158841
158906
159005
159037
15919
159374
159455
159503
159972
160129
160179
160383
16051
160661
160681
160700
160770
160853
160909
161090
161157
161640
161645
161757
161912
162112
162263
162314
162365
162404
162406
162579
162714
162776
162905
162935
163082
163140
163311
163919
164140
164309
164490
164515
16457
164686
164738
164812
164828
165040
165323
165406
165935
166089
166165
166170
166173
16648
166530
166536
166545
166867
167220
167320
167382
167642
167799
167800
167801
167802
167804
167806
167811
167893
168016
168149
168181
168278
168280
168282
168553
168555
168584
168624
168719
168720
168776
168868
169162
169209
169284
169330
169493
169637
169816
169911
169922
169941
170001
170021
170064
170107
17023
170291
170339
170584
170619
170690
17077
170940
171071
171252
171491
171689
172006
172194
172687
173156
173342
173427
173539
173699
173707
173927
17400
174023
174206
174208
174251
174384
174631
17479
174935
175043
175208
175456
175604
175766
175797
175887
175966
176119
176255
176655
176914
177643
177644
177684
177767
178031
178128
178224
178228
178229
178231
178260
178331
178367
178391
178427
178529
178554
178628
178686
178800
1797
179787
179813
179969
180019
180067
180583
180594
1806
180712
181142
181589
1820
182173
182183
182254
182274
182423
182454
182511
182543
182834
183356
183393
183432
183883
18396
184310
184412
184512
18452
184555
18471
184976
18504
185169
185280
185834
185837
185964
186111
18622
186228
186312
186396
186509
186535
186585
18668
18673
186915
186990
187025
187128
187138
187171
18722
187316
18761
187702
188036
188145
188168
188170
188326
188388
188807
188821
188895
188898
188939
189143
189151
189286
189578
189580
190206
190266
190308
190377
190418
190647
19088
191264
191279
191337
191740
191821
192404
19300
193030
193320
193323
193438
193691
193701
193928
193968
194100
194256
194407
194436
194464
194584
19463
194704
194836
19506
195109
195341
195458
195531
195538
195636
196142
196367
196453
1965
196737
197137
19752
19756
19778
1978
197935
198051
198299
198392
198400
198471
199097
199099
199136
19917
199179
199263
1994
199476
199656
199941
200196
200204
200591
200642
200667
20068
200801
200810
200838
200952
201129
201209
201227
201370
201597
201671
201932
202170
202203
20232
202570
202699
202791
20297
203088
203209
203274
203312
203336
20338
20353
203546
203622
203634
203703
203818
203840
203972
203993
204136
204147
204174
204177
204274
204831
204899
205422
20550
205588
205597
205643
206097
206265
206591
206674
206810
207118
207153
20716
207228
207311
207329
207523
20763
207828
208097
208118
208158
208178
20839
208408
208626
20879
208800
208909
208936
208995
209292
209331
209840
209957
20998
210020
210341
210464
210491
210653
210965
211097
211235
211522
21160
211634
211693
2117
211919
212190
212225
212243
212539
213093
213264
213609
213775
21403
214059
214149
214187
214433
214441
214465
214804
214810
214813
214971
215668
215982
21628
216324
216460
216507
216658
216701
216826
216856
217106
217657
217935
217970
218050
21823
218429
218527
218533
218537
21859
218956
219168
219171
219248
21945
219484
219654
219802
219888
219936
22010
220860
221015
22108
221231
221445
221460
221577
221585
221601
221609
221661
221801
221805
222011
222033
222128
222178
222688
222692
222832
223160
223247
223262
223285
223416
223513
223528
223555
223593
223802
223806
223808
22388
224018
224059
224110
22412
224125
224194
224444
224453
224454
224536
2246
224870
224925
224973
225624
225783
225913
225917
225920
225926
226047
226158
226320
226384
226543
226601
226654
22699
227376
227401
22750
227747
227783
22782
228556
228620
228695
229030
22905
229395
229447
229451
229488
230023
230643
230711
230956
230957
230962
23130
231400
231445
231450
231529
231590
231618
231715
23181
231860
231862
231865
232111
232163
232381
232429
232600
232665
232737
232962
233088
233122
233263
233388
233409
233610
233632
233725
233811
233859
233864
233927
233933
234292
234734
234872
235705
235822
235844
235901
236022
236237
236502
236746
236756
237080
237442
237543
237756
237771
237812
23785
237888
238339
238416
238783
238822
238935
23901
239165
239268
239629
239656
240113
240177
240213
240517
240649
24076
240914
2411
241228
241253
241333
241623
241647
24168
241811
241902
242097
242337
242533
242538
242549
242680
242690
242712
242887
242997
243095
243105
243136
243158
243178
243240
243277
243469
243477
243825
243864
243904
243918
243929
243937
243977
243994
244171
244262
244374
24451
244824
244920
245498
245523
245981
246045
246060
24614
246158
246286
246405
246460
246476
246575
24662
246767
246858
246926
247407
247631
247642
247703
247783
247886
248030
248037
248173
248301
248396
248775
248859
249375
249476
249536
249819
249831
249943
250038
250147
250213
250261
250378
250530
250543
250555
250924
251114
251223
251381
251415
251493
251763
251852
251857
251959
252074
252075
252958
253239
253596
253751
253868
253914
253918
253947
254038
254204
254399
254624
254722
254723
25476
25478
255452
255796
255797
255799
255800
255803
255811
255813
255814
255815
255817
255818
255821
255825
255827
255828
255830
255832
255833
255835
255838
256375
256436
256475
256539
256540
256663
256695
25701
257155
257175
257303
257304
257513
257520
257678
257803
257863
257881
257906
258046
258162
258182
258579
258835
258844
258922
258931
258968
258976
259847
260126
260305
260324
260488
260532
260559
260603
260897
260938
260944
260991
261169
261348
261409
261544
261988
262051
262148
26230
262611
262671
262790
26284
263181
263317
263425
26369
263822
263950
264005
264194
264382
264454
264490
264870
265216
265279
265316
265320
265351
265353
265445
265513
265543
265608
265673
265730
265901
265910
266147
26617
266172
266177
266291
266313
266452
266542
266583
266865
267328
267333
267449
267496
267623
267766
267773
267803
26829
268353
268719
268943
269006
269061
269278
269495
26950
269530
269554
269579
269999
270024
270302
270306
270337
270387
270490
270508
270524
270531
270535
270559
270651
270717
270721
270894
270973
271023
271148
271319
271354
271422
271540
271642
271766
271813
271882
271884
272055
272524
272525
272558
272669
272795
272830
272922
273174
273374
273391
273712
27394
274340
27451
274701
274778
274813
2753
275325
275335
275371
275408
275549
275808
276109
276246
276330
276364
276395
276496
276501
276515
27657
276604
276649
276682
277193
27766
277700
278127
27841
278417
278731
278740
278973
279196
279503
279875
280033
280091
280108
280138
280180
280523
280772
280779
280839
280853
280905
280988
281058
281118
28123
281403
281425
281604
281767
281920
281946
281961
282562
282729
282747
282768
282933
282965
282967
282981
283031
283055
28313
283195
283373
283767
283768
283816
284163
284228
284484
28461
284655
284788
28513
285201
285265
285348
285376
285418
285643
285717
285723
286168
286224
286297
286311
286336
286485
286552
286589
286610
287304
287610
287742
287924
288065
288126
288210
288296
288374
288516
288575
288738
288764
288775
288779
288913
289737
289741
289784
289804
290071
290134
290158
290254
290325
290786
290811
290813
290926
29098
291894
292003
292275
292492
292542
293015
293469
293481
293715
29384
294006
294082
294202
294220
294282
294519
294557
294612
294613
294616
294696
294698
294724
294787
295118
295279
29563
295838
295861
296072
296324
296457
296571
296685
296850
296855
296948
297017
297278
297405
29759
297608
297644
297650
297774
298214
298491
298937
298956
298981
299008
299023
2991
299402
299682
299770
299942
299947
300116
300117
300191
300208
300327
300448
300621
300830
301184
301541
301581
301600
301633
301693
301702
301723
301724
301756
301869
301886
301889
30209
302104
302333
302476
302489
302516
302567
303877
304046
304234
304321
304374
304564
304953
304985
305279
30597
30623
306515
306688
306793
307436
307482
307520
307846
3079
308223
308657
308901
308995
309263
309414
309672
309698
30971
310305
310323
310707
310989
311040
311323
311349
311666
311778
311817
31185
311950
31197
312017
312191
312433
312556
312723
312934
313296
313309
313315
313616
313625
313665
313801
314034
314189
31442
314477
315620
315789
315974
316385
316409
31673
316764
316849
316854
317005
317083
317187
317254
317267
317331
317425
317458
317488
317590
317630
317693
317851
318245
318316
318491
318561
318767
318902
318905
318922
318944
319065
319136
319151
319620
319626
319959
320027
32021
320215
32025
32026
320317
320467
320914
320915
320944
321205
321216
321281
321284
321449
321497
321548
321550
321616
321818
321821
321826
321910
322266
322297
322361
32239
322414
322472
322787
322841
323079
323165
323254
323558
323559
323808
324386
324456
324533
324586
324619
324629
324827
324936
32514
325553
325599
325609
325902
326003
326089
326420
326464
326762
326811
326818
326840
326852
32702
327139
327394
327398
327449
327736
327959
328079
328088
328302
328428
328570
328678
328685
32902
329073
329117
329132
329339
329470
329503
329652
329735
32975
32976
329970
330541
330933
33094
331116
331207
331338
331669
331673
331718
33175
331778
331907
331950
331974
332097
332135
332167
33227
332943
333085
33345
333602
333621
333628
33371
333849
333869
334420
334441
334559
334588
334761
334780
334880
334974
335032
335091
335112
335207
335473
33551
335782
335785
335860
335883
335964
336083
336113
336128
336133
336242
336378
336468
3365
336712
336961
336982
337274
337328
337486
337503
337607
337678
337785
337825
337899
33791
33799
337991
33803
338095
338223
338234
338300
338338
338709
339120
339167
339296
339366
339497
339500
33972
339760
340063
340503
340566
340570
340590
340825
340940
341322
341324
341326
341344
341352
341467
341742
341836
341855
342041
342095
342243
342254
342279
342319
342330
342521
342622
342923
342978
342983
343092
343112
343351
343464
343578
343602
343680
343878
343933
344146
344218
344237
344252
344288
344354
34448
344787
344889
344923
344930
345163
345470
345602
345722
34580
346289
346393
346493
346530
346543
346707
346932
346970
34711
347180
347320
347419
347666
347684
347713
347774
347869
347926
347983
348401
348418
348662
348664
348796
34883
349653
349726
349761
350170
350406
350418
350551
35073
350881
351020
351039
351390
351405
351686
351827
352253
352294
352371
352393
352591
352628
352692
352715
352727
35284
353013
353325
353463
353741
353761
353762
354090
354111
3542
354269
354276
354293
354348
354352
354356
354506
354600
354662
354669
354676
35472
355126
355542
355594
35571
355906
355913
356114
356166
356196
356552
356693
35684
356956
357018
357095
357323
357724
357847
357876
358439
358512
358800
358873
359061
359073
359178
359725
360020
360478
360890
361086
361607
36169
36212
362229
362231
362293
362406
362412
362423
362431
362446
362454
362460
362528
362572
362704
362960
363008
363363
363419
363427
363428
363607
363723
36397
364079
364176
364368
364400
364541
364596
364755
364773
364875
364895
365196
365197
36530
365395
365599
366149
366327
366456
366517
366745
366784
366969
367123
367135
367186
367291
36737
367645
367675
367850
367905
367949
368011
368169
368252
36843
368443
368631
368721
36892
369001
369072
369146
369456
369501
369532
369537
369646
369653
369656
369677
369782
369783
369784
369785
369786
369787
369788
369789
369790
369791
369792
369793
369794
369795
369796
369797
369798
369799
369800
369801
369811
369819
369862
369863
369864
369865
369866
369867
369869
369872
370106
370166
370317
370367
370403
370447
370717
370840
37101
371021
371095
371183
371558
371620
371631
371709
371997
372073
372239
372631
372634
372637
372675
372909
372953
372978
373181
373230
373337
373438
373569
373682
37375
373768
374151
375181
375237
375306
37532
375611
376122
376231
376458
376498
376623
376699
376728
376748
376753
376939
376997
377046
377099
377293
377372
377380
377561
377672
377735
377832
378221
378495
378535
37874
378785
379022
37913
379152
379184
379324
379369
379377
379439
379479
379522
379537
379539
379541
379543
379547
379549
37960
379854
379869
38006
380100
380137
380516
38071
380726
380885
381294
38132
381571
381780
381847
38185
381935
381983
38200
382101
382672
382792
382871
382935
383111
383169
383177
383361
383362
383707
383714
383716
384060
3841
384262
384360
384433
384540
384625
384688
385015
385591
386144
386317
386375
386545
386984
387071
38714
387441
387589
387855
387972
388029
388080
388342
388409
388560
388652
389000
389115
389494
389655
38967
38984
389896
389945
389968
389994
390087
390333
390438
390464
390782
390996
391315
391528
391665
391924
391925
392075
392186
392363
392394
392457
392495
392981
393054
393295
393415
393447
393821
394014
394137
394236
394241
394455
394650
394804
394879
394938
394976
395015
395017
395085
395117
395227
395337
395421
395540
39576
395891
396216
396290
396350
396362
396491
396936
397210
397353
397377
397776
397777
397826
397827
3980
398297
398312
398321
398530
398611
399137
399151
399156
399158
399173
399259
399478
399588
399642
399824
399826
400011
40019
400256
40029
4005
400669
400686
400780
401351
401355
401357
401386
40144
4015
40150
401775
401800
402113
402118
402259
402261
402264
402267
402316
402444
40254
402729
403170
403188
403263
403287
403288
403291
403309
403381
403457
40368
403712
404060
404226
404506
404701
404752
40507
405500
405524
405609
405645
405799
405956
405970
406400
406869
407014
407273
407300
407678
407774
407878
407916
407932
407983
407999
408058
408212
408237
408250
408265
408412
408416
408445
408514
408595
408706
40924
409245
409816
409881
409887
410027
410087
410225
410519
410759
411467
411761
411791
412077
412129
412242
412348
412780
412785
412826
412976
413040
413095
413096
413449
413512
413692
413736
413997
41404
414104
414226
414409
4146
414629
414652
414685
414771
414963
415037
415121
415180
415603
415676
415696
415742
415761
415813
415843
416072
416373
416640
416934
416950
417199
417333
417568
417607
4177
41775
41783
417848
41803
418122
418134
418732
418859
41947
419566
419606
419738
419797
419926
420131
420400
420611
420617
420620
420643
420655
420969
421033
42131
421322
42149
421503
421579
421764
422134
422198
422347
422366
422490
422934
422962
423031
423187
423381
423443
423591
423625
42371
423934
424025
424159
424287
424292
424297
424622
424626
424655
424918
424964
425149
425449
425475
425548
425882
425890
426077
426084
426133
426205
426231
426256
426274
426350
426533
426707
426857
426901
427026
427063
427154
427189
427212
427216
427256
427308
427532
42761
427671
427791
428205
428212
428214
428215
428277
428388
428543
429148
429837
42999
430033
430087
430159
43038
430441
430553
430869
431076
431123
431590
43171
432507
432520
432716
432745
432857
432983
433300
433362
433538
433658
433844
433897
433898
434010
43424
43435
43439
434494
434506
434532
434715
434832
434917
435000
435044
435050
435149
435295
435329
435365
435477
435495
4355
435500
435829
436108
436388
436459
436557
436671
436711
436758
436890
436894
437015
437181
437413
437455
437689
437822
437875
437876
437879
437883
437893
437936
438465
438576
438584
438641
438643
438775
438812
4389
438969
439165
439202
439377
439554
439603
439814
439922
44008
440144
440526
440729
440746
440811
440865
441057
44111
441304
441305
441494
441673
441718
441901
441937
442025
442103
442479
442618
442647
442743
44291
442929
443438
443480
443486
44355
443596
443611
44363
443897
443954
44417
444456
444566
444567
444595
444728
44514
445160
445195
445274
445322
445680
445963
446022
446024
446037
44628
4464
446488
4465
446541
446826
44688
446885
446932
44696
447090
447303
447308
447363
447429
447474
447487
448
448074
448131
448160
448603
44867
448760
448951
449008
449139
449166
449280
449361
449691
449838
449928
450302
450338
450376
450384
450482
450500
450608
450876
450891
451004
451183
45195
45247
452470
45292
452947
45295
453375
45338
453437
454029
45422
454959
455158
455425
455467
45555
455588
45559
455994
456085
456108
456222
456320
456390
456597
456694
456830
457320
457506
457527
45762
45782
457994
458021
458122
458156
458212
458250
458887
458888
459129
459328
459331
459666
45978
459834
459971
460491
460609
460712
46091
461007
461141
461202
461414
461532
461654
461664
461669
462002
462174
462268
462355
462377
462518
462530
462564
462792
462832
462922
463139
463162
463234
463313
463500
463509
463620
463627
463934
464199
464495
464736
464824
465019
465393
465815
465830
466135
466304
466428
466444
466454
46650
466579
466738
466832
466951
466954
467157
46734
467401
46754
467893
468171
468191
468259
468261
468336
468534
468540
468887
468948
46901
469184
469396
469529
469585
469669
470056
470264
470372
4704
470445
471109
471115
471385
471555
471583
471620
47164
471848
471993
472012
47207
472162
472444
472715
472790
473103
473137
473141
473834
473881
473883
474034
474167
474169
47476
475036
475193
475258
475566
475732
476077
476094
476115
476330
476504
476581
476822
476959
476975
477225
477297
477527
477925
477967
478024
478326
478411
478696
478839
478857
478924
478992
479041
479081
479455
479547
479755
47988
479931
480064
480112
480126
480375
4804
480478
480479
48053
480777
481242
481362
481513
482057
48207
482092
482118
482320
482336
482373
482512
48268
482859
482982
482991
482998
483042
483088
483406
483451
483628
483647
483679
483799
483898
484081
484183
484333
484405
48445
484963
484992
485055
485236
485254
48542
485445
48550
485589
485621
485724
485750
485935
486252
486332
486359
486417
486535
486548
486553
486582
486875
487180
487291
487436
487448
487512
487550
487619
487636
487654
487656
487659
487744
488077
488148
488210
488231
48825
488416
488471
488493
488537
488765
488851
48899
489123
489209
489239
489640
489692
49003
490051
490063
49011
490115
49035
490680
490796
490890
490929
490961
491070
491430
491454
491851
492236
492349
49243
49251
492520
492555
49268
49271
49299
493057
493075
493163
493231
493308
49333
493529
493578
493702
493743
493977
494020
49404
494068
494187
494261
494286
494728
494959
495195
495549
495931
495975
496096
496269
496424
496695
496832
49697
496977
497024
497338
497889
497891
497934
498009
498010
498016
498126
498224
498377
498596
498764
498778
499005
499015
499025
499152
499414
49986
499925
500224
500233
500491
500861
500862
500865
500866
500867
500878
500880
500881
500896
500917
501043
501172
501189
501204
501206
501400
501488
501516
501967
50197
501994
502108
502776
502780
502809
502821
502824
502829
502904
503043
503239
503337
503387
503711
503771
503909
503978
504033
504233
504277
504371
504430
504502
504729
504740
504760
504792
504831
504901
504965
505072
505359
505371
505374
505753
505764
505814
505904
506046
506181
506485
506623
506685
507060
507063
507142
507204
507217
507622
507975
507999
50803
5081
508382
508430
508458
508516
508548
508576
508717
508883
508904
509074
509123
509360
509448
509476
509512
509535
509547
509575
509637
50982
509910
50999
510576
51078
510793
510899
511033
511141
511245
511373
511383
511456
511534
51175
511805
512037
512038
512055
512093
512330
512409
512515
512529
51254
513275
513310
513425
513436
513605
513880
514297
514527
514773
514884
515081
515271
515427
515541
515581
515626
515701
515797
515812
51616
516221
516348
516354
516611
516643
516740
516817
516947
517008
517019
517097
517161
517172
517456
517559
517602
517663
51773
517741
517885
517892
518013
518091
518097
518227
51830
518606
518648
518671
518695
518711
51882
518949
518975
518982
519172
519197
519242
519271
519342
51935
519390
519455
519580
519642
519807
519832
519862
520048
520322
520679
520757
520877
520878
520946
520958
521118
521336
521453
521470
521507
521723
521727
521731
521767
521769
521803
521909
521948
521994
522043
522161
522331
522364
522605
522622
522719
522764
522815
522935
523179
523198
523267
523360
523382
523504
523559
523664
523737
523812
523852
523930
524158
524164
524273
524343
524390
524460
524665
524821
524822
524866
524891
524973
525219
525313
525422
525485
525524
525564
525658
525716
525784
526060
526090
526176
526402
526555
52657
526595
52665
526677
526689
526735
526801
526824
526828
526889
52705
52713
527391
527594
527598
527610
527680
528029
528285
52832
528449
528512
528522
528695
528874
528993
529014
529044
529308
529494
529820
529823
529919
530008
530074
530112
530304
530492
530613
531049
531157
531201
531205
531261
531276
531334
531535
531641
531766
531782
531905
531957
53201
532147
53222
532448
532649
532709
532724
532963
533174
533175
533527
533768
533808
533814
533905
533939
533990
534011
534471
534674
534698
535009
535205
53522
53535
535534
53560
535600
535698
535727
535798
535832
535864
536082
536094
536296
536302
536330
536549
536622
536783
536881
536934
537097
537153
537167
537284
537583
537720
537745
537803
537841
538291
538327
538361
538371
538748
538751
538752
538992
539010
539043
539156
539201
539228
539353
539412
539578
53978
539791
539854
539860
539909
540100
540235
540298
540481
540506
540508
540572
540798
540836
541015
541044
541063
541252
541418
541545
541584
541585
54159
541707
541715
542026
542321
542439
542446
542594
542645
542860
542902
542948
542949
543056
543105
543262
543343
543463
543483
543522
543534
543565
54363
543633
543634
543720
543789
543860
543872
543873
543874
543875
543929
543938
543979
544044
544127
544291
544328
544343
544416
544421
545002
545044
5453
545678
545919
545994
545995
546598
546837
546890
546891
547472
547506
547579
547883
548526
54865
54892
54949
55017
55464
55701
55735
56222
56414
56536
56590
56684
56713
56979
57136
57166
57325
57659
57685
58209
58670
58799
58875
58894
58915
58962
59197
59217
59586
59771
60022
60085
6050
60516
60524
60606
60607
60613
60643
60658
60840
61016
61025
61102
61160
61963
62000
62554
62574
62586
62816
62889
6290
62963
6335
63557
63647
63874
64539
64572
64749
64777
65000
65002
65561
65581
65780
65997
66281
66324
6633
66432
66653
66802
67537
67554
67555
67627
67672
67768
67901
67958
68012
68127
68131
68139
68257
68372
68576
68659
68704
68757
68765
68775
68880
69201
69216
69255
69324
69413
69451
69456
69644
69831
6988
69991
70027
70232
70364
70432
70820
70872
71521
71640
72043
72095
72183
72560
72662
72771
72915
72916
72969
73054
73088
73233
73333
73660
73719
73725
73766
73810
73898
73937
73952
74012
74320
74491
74666
74720
74782
74788
74852
74972
75155
75183
75309
75311
75366
75422
7557
75600
75826
75848
75851
75929
75935
76174
7630
76457
76557
76800
77320
77589
7775
78161
78474
78479
78548
78553
78849
78987
7916
79348
79489
79503
79662
79772
79895
80142
80221
80272
80563
80737
80756
80796
80880
81042
81150
81224
81346
81392
81499
81599
818
8183
81900
82034
82128
82214
82240
82276
82400
82610
82823
83365
8365
8384
83887
83969
84026
842
84226
84239
84309
84346
84360
84370
84512
84532
84708
84722
84724
84727
84915
8495
85288
85349
85375
85382
85383
85446
85720
86000
86144
86377
86421
86503
86758
87059
87113
87126
87127
87129
87268
87311
87391
87493
8815
8817
88269
88312
88413
88581
88597
8922
8934
89730
89742
89856
89973
90055
90315
90380
90392
90553
90677
9106
91232
91487
91601
91623
91627
91726
91944
91983
92098
92183
92185
92212
92489
92811
93401
93483
93611
93614
93615
93617
93618
93631
93674
94065
94105
94146
94655
94663
9477
94813
94878
95124
9526
95308
95357
95477
95698
95845
95977
96142
96164
96207
96221
96246
9649
9650
96511
9668
96792
97018
97140
97383
97420
97607
97674
97698
97870
97871
97874
97983
98011
98042
98418
98484
98598
98742
98804
98855
99122
99173
99690
