100281
101619
101816
101966
10198
102077
102425
102783
102890
102958
103340
103417
10346
103529
103533
103602
104399
104573
104791
104970
105779
106061
106334
106565
106790
107215
107543
107642
107689
108063
109015
109911
110114
110798
11118
111819
112052
112381
112601
112767
112935
113051
113144
113145
113155
113421
114079
114197
114330
115082
115497
115501
115651
115738
115988
116672
117463
117485
11762
117645
117675
11790
118028
118770
11925
11949
120130
121553
121855
122185
122254
122361
122397
122697
123992
124139
124543
124911
125260
125577
126058
126601
126617
127613
127638
128098
128430
128804
128874
129195
129219
129390
129594
129935
129942
130205
130433
130594
130800
130878
132094
132410
132518
132826
133030
133031
13344
1339
134303
134393
135635
135944
136053
136243
136860
137252
137279
137280
137804
138066
138494
13896
138994
139353
140073
140171
140203
140570
140585
140626
140757
141045
14202
142262
142594
143049
143179
143511
145117
145360
145470
145473
145953
146112
146601
147072
147335
147461
148201
149007
149613
149687
149770
149803
149982
150189
151325
151643
152335
152483
15262
154011
154597
155176
155413
155674
155935
156354
156847
157057
158114
158228
158532
159210
159384
159440
160724
160968
161803
161923
162416
162419
162551
162759
163744
164084
164471
164517
164840
164857
164863
164908
165362
165663
166102
167322
167800
167868
167922
168902
168922
169099
169562
169753
170343
170486
170549
171451
17202
17252
172569
172641
173048
173058
17322
173697
174342
174344
174409
174412
174578
175130
175173
175752
175769
176007
176048
177217
177782
178398
178692
17917
179436
179709
180203
180306
18074
181465
181552
181746
181924
182808
182809
183228
183305
183546
183574
184242
184243
184244
184245
184465
184859
185092
18522
185285
185556
185850
186211
186422
187622
188432
188726
190378
190380
191072
191117
191207
191409
191878
19200
192098
192321
192593
192817
192836
193236
194121
19434
194485
194733
194943
194944
194968
195259
195287
195644
195926
196114
196166
19687
197018
198024
198164
199054
19983
201874
203331
20387
203923
204131
204192
205205
205710
20658
206835
206943
207000
207216
207827
207828
208814
209577
210333
210843
212039
212441
21264
2131
213115
213558
214202
214237
214242
21428
214732
215876
216175
216404
216863
217312
217321
217982
217983
218105
21823
21844
218692
218914
219252
219348
219589
219725
219770
220017
220179
220374
220462
220895
221225
22184
223224
223240
223856
22453
22465
227019
227065
227184
227544
227791
22803
229616
230339
230551
230625
231781
231783
232154
232598
233702
234569
235233
235714
236515
237541
237848
239779
239780
240799
241119
241245
242019
242152
243331
243683
246892
247219
248304
248463
248998
249692
25055
25057
252825
253462
255808
257284
257437
257544
257838
258808
259391
260138
260139
260276
26031
260318
261262
261642
261689
261690
261691
261692
26279
263761
263853
264027
26459
264965
265679
266208
266210
266952
26823
26850
269047
269083
269196
2694
269862
270132
270245
27144
272380
272732
273747
274458
275042
276287
276626
28215
28224
283634
2873
288443
288554
29060
290625
290918
291575
291577
293828
294938
29608
29769
297766
29894
299903
301383
301475
30336
303622
305079
30660
306929
30973
31117
311695
31202
31203
312483
31328
316112
316871
316962
31744
318124
319435
320756
321104
32223
323082
324170
324877
324879
325905
329256
329315
329863
33308
33403
33839
340495
34116
34431
344879
346564
346627
347733
34890
34919
34920
352252
35552
3578
361882
36270
36346
36469
369910
37674
37815
38026
383104
38532
38592
38659
38664
38725
38815
40381
40563
40781
40866
40946
40989
41124
41126
41159
41206
41300
42249
42842
42986
43023
43861
44058
44193
44725
45617
46857
47206
47926
48530
49019
49099
49892
5028
50289
50693
51226
51525
51608
51996
52713
52732
5303
53094
53195
53196
53556
53591
53890
53987
54006
54007
54142
54239
54881
55107
55380
55776
5611
56534
56552
56619
57060
57692
58157
58266
58268
58285
58824
58839
59254
5945
59501
59518
59649
60459
60940
61084
61555
62371
62440
63142
63299
63489
63618
63770
63847
64615
64721
65263
65312
65720
65983
66369
6653
66671
66915
6737
67731
71261
71372
71607
71960
72168
72795
73066
73313
73586
74508
74725
75015
75907
76040
76196
76264
76415
76432
76815
77457
77598
78039
79263
79490
7950
79566
79568
79976
80629
80974
81463
81573
81645
82105
82525
82954
83002
83067
83319
83934
83994
84018
84050
84436
84523
84996
85023
85906
85983
86188
86428
87107
87520
8761
87751
87894
88330
88415
88427
8847
88517
88553
88554
88734
8958
89987
90089
90180
90345
91610
93347
93667
93747
94646
9524
95608
9705
97120
97335
97381
97616
97633
97666
97714
97936
98359
98423
98632
98678
98871
98970
99103
99916
