10149
105394
107930
10997
116912
119275
121262
122110
123304
123533
126713
127128
127262
129562
130619
144017
144759
145667
14567
145796
147977
150430
153173
15554
15749
157915
162584
164151
166494
168608
169466
170410
170852
171678
173221
173982
17934
180642
182201
183951
184010
184707
185630
188991
191745
19252
193587
198181
201679
202986
203632
205753
213689
217000
217427
217871
220148
220940
221281
223185
22383
229209
241305
241881
245861
245970
246180
246810
248193
248492
251270
254441
2625
263093
265474
265874
271345
27137
271402
272733
275237
281663
286245
287524
287582
289953
290331
29201
294162
296069
296660
299611
301622
302782
30398
306218
30690
30877
309411
313181
314719
315743
316031
319052
323839
324898
327740
329078
331650
332123
343067
343273
345901
351358
353264
355903
362223
371893
376352
377247
377393
383087
38476
385197
385756
388799
388820
392256
394033
395771
401268
40318
405648
408181
412972
416089
416162
417521
419830
423124
423708
425261
42819
428970
433190
433665
434830
439553
439926
443332
443830
444736
454538
464056
465101
467711
471591
474184
47559
476031
481100
482584
48359
483774
491586
491704
492176
492399
493039
493381
497880
497950
502212
502220
504199
504364
505559
506695
509523
51130
512458
512705
512729
514234
514938
520043
522223
522378
526588
527583
527792
52895
531007
533484
5338
533970
534307
535197
535723
535762
541690
544391
544881
546322
56711
59285
60779
63483
64879
6971
71210
71292
73966
74494
79227
81909
83252
85570
88867
8926
92920
95025
96570
98354
99335