100392
101532
101533
101967
102891
104316
104397
105135
106446
107817
108067
108721
109142
110538
110728
113074
11421
115527
115924
116150
116671
116803
118110
12125
123155
123501
124910
125848
127614
127615
127616
128704
128740
128741
129194
129333
130389
130911
132664
134129
135387
137299
137342
137803
14080
143155
143766
144016
145413
145472
147494
148766
150391
150450
150706
151555
152505
154025
154859
155630
155944
15723
158236
159729
162340
164364
166717
167148
168843
168901
170487
171874
172337
175174
177596
18007
180446
181066
181431
18285
183699
184217
186214
186494
187360
189761
190093
190289
19055
190610
190613
193652
194767
195255
195288
197962
204284
204298
204362
205396
205830
207499
208218
21481
215600
218810
219365
21975
223223
22551
239074
242676
244734
24512
24762
24863
25784
258942
260137
265085
265554
26747
26791
273326
27585
278386
27944
289162
289163
290207
291578
292799
29562
297620
299450
300210
319433
321103
32260
32952
332435
3399
38449
39063
40065
41331
41367
41850
41908
43222
44168
45683
46257
47438
48415
53761
54350
54559
55448
56070
56943
58145
58269
58598
59064
60240
60770
61036
61447
61796
62069
62722
63622
64579
65760
65939
66923
67676
69151
69154
70017
70019
70298
70512
70601
71099
75086
7528
76126
76821
76832
76898
79171
79210
80210
81740
82007
82743
84197
84355
86676
86970
87289
8842
88723
89043
89345
89696
90169
90311
90924
91285
91970
92025
92878
93319
95064
95782
96321
98071
99122
