100050
100268
100332
100611
100674
100694
100922
100934
101073
101109
101148
101471
101532
101973
101993
102358
102396
102401
102463
102557
102665
102751
102846
102924
102957
102994
103040
103293
103340
103361
103417
103533
103669
103670
103699
104073
104080
104099
104131
104397
104573
104576
104700
104701
104791
104798
104804
104874
104954
105248
105339
105340
105406
105408
105653
105654
105733
105856
105888
105897
105928
106173
106313
106314
106315
106503
106576
106681
106692
106730
107038
107352
107358
107387
107448
107449
107606
107687
107724
107817
107888
108617
108673
108687
108688
10876
108837
108921
109142
109428
109442
109574
109911
109999
110000
110049
110162
110178
110325
110544
110556
110559
110560
110589
110647
110728
110847
110951
111270
111289
111421
111423
111462
111819
111851
111860
111955
112027
112225
112397
112420
112421
112422
112499
113050
113051
113066
113155
113231
113298
113356
113518
113612
113613
113614
113615
113782
113800
114079
114169
114170
114198
114201
114308
114546
114642
114938
114981
115084
115103
115158
115218
115313
115315
115373
115497
115629
115698
115738
115790
115803
115840
115895
115924
115962
116030
116457
116573
116576
116578
116579
116669
116968
11710
117209
117243
117262
117287
117391
117485
117644
117720
117876
118092
118093
118110
118212
118280
118350
118446
118506
118564
118620
118733
118736
118778
118980
118981
118982
119205
119235
11945
11960
119732
119819
119925
119946
119996
120136
120164
120310
120322
120408
120418
120430
120466
120474
120500
120636
120680
120815
120881
120894
12110
121136
121137
121485
121657
121661
121662
121788
121836
121855
121953
121957
121967
122109
122118
122153
122211
122298
122346
122355
122614
122828
123049
123064
123155
12330
123398
123501
123525
123534
12359
123614
123619
123648
123768
123918
124113
124222
124247
124510
124543
124588
124835
124840
124910
124915
125062
125078
125542
125842
126058
126076
126101
126159
12669
126992
127004
127052
127731
128170
128191
128193
1282
128265
128274
128378
128403
128517
128536
128547
128593
128757
128784
128851
128971
129028
129218
129220
129221
129370
129428
129618
129622
129714
129777
129778
129887
129888
129889
129890
129967
130027
130078
13010
130136
130139
130267
130283
130317
130318
130628
130753
130871
130874
130962
130993
131074
131227
131274
131314
131412
131486
131691
131770
131847
131848
131921
131923
131924
131966
131987
132022
132370
132490
132556
132598
132628
132830
132946
132956
133126
133191
133291
1339
134155
134216
134251
134262
134313
134314
134315
134551
134704
134714
134779
134810
134829
134885
134960
134961
135341
135461
135903
135944
135960
136202
136207
136291
136351
136506
136627
136720
136885
136934
136955
136970
137058
137186
137199
137249
137279
137299
137303
137342
137368
137402
137412
137848
137901
138232
138297
138591
138592
138658
138659
138695
139005
139069
139097
13914
13929
139495
139526
139659
139978
140157
140169
140203
140271
140538
140697
14080
141001
141175
141189
141256
141284
141333
141592
141642
141643
14182
141941
142017
14202
142169
142352
142526
142694
142843
142854
143064
143090
14312
143206
143458
143563
143730
14392
144014
144020
14406
144264
144272
144967
145470
145576
146215
146238
146287
146475
146476
146484
146680
146738
146879
146971
147015
147270
147290
147358
14757
147731
147736
147763
147896
147925
14794
147961
148191
148529
148595
148867
148930
148933
149103
149134
149298
149449
149518
149740
14989
150005
150007
150050
150063
150278
150511
150713
151294
151313
151326
151588
151856
152041
152042
152196
152279
152354
152459
152480
152591
152761
152765
152813
152814
152955
153039
153381
153570
153602
153672
15373
153758
153798
153954
154011
154127
154133
154582
154734
154735
154736
154859
154910
155079
155126
155195
155480
155537
155545
155630
155756
155845
155934
155937
155981
156151
15628
156324
156372
156374
156375
156382
156492
156665
156747
15675
156825
156826
156827
156861
156885
157245
157558
157601
157613
15763
15765
157880
157890
15805
158137
158270
158297
158616
158940
159097
159115
159176
15922
159309
159384
159603
159624
159715
160283
160588
160692
160785
160786
160968
160990
161295
161305
161307
161480
161687
161979
161985
162080
162082
162307
162674
162791
162832
162887
162889
163069
163216
163222
163264
163406
163407
163473
163623
163736
163744
163820
163865
163888
163929
163971
164021
164022
164084
164276
164277
164306
164371
164460
164461
164469
164471
164695
164740
164741
164989
165329
165458
165870
165898
166082
166099
166277
166390
166427
166441
166527
166586
166624
166714
16675
166851
16688
166893
166967
166997
16702
167108
167243
167245
167247
167318
167400
167439
167491
16758
16762
167825
167848
167883
167885
167886
167901
167922
167970
168105
168107
168108
168268
168375
168376
168678
168715
168783
168936
169083
169093
169213
169514
169646
169715
169719
169878
169879
170198
170250
170343
170382
170384
170414
170457
170501
170726
170742
170743
170746
170760
170989
171103
171144
171153
171173
171247
171364
171386
171387
171451
171503
171789
171812
171839
171850
171982
172067
172069
172143
172144
172222
172348
172368
172414
172418
172422
17252
172533
172549
172766
172917
173169
173206
173207
173219
173241
173243
173258
173362
173364
173494
173495
173519
173731
173753
173761
173799
173858
174055
174068
174092
174241
174409
174414
174486
174528
174578
174799
174808
174986
175129
175338
175339
175399
175422
175513
175551
175678
175713
17591
176051
176481
176484
176549
176636
176637
176654
17697
176989
176991
177018
177044
177076
177217
177334
177335
177596
177655
177933
178092
178097
178120
178170
178303
178318
178390
178427
178428
178692
178718
178760
179025
179036
17907
179088
17910
179140
17917
179385
179450
179510
179709
179948
179966
179992
180012
180101
180292
180583
1806
18076
180981
181065
181066
181301
181517
181658
181924
181974
181979
181980
181981
182033
182068
182188
182263
182401
182497
182499
182581
182620
182635
182669
182782
182926
182967
183030
183070
183078
183128
183153
183250
183459
183569
183570
183571
183597
183721
183722
183805
183859
184037
184137
18419
184259
184292
18440
184730
18480
184850
184851
184922
184953
18531
185336
185338
185430
185446
185498
185506
185508
185551
185552
185553
185554
185555
185672
185851
185868
185869
185900
186074
186278
186351
186435
186797
186799
186851
186964
186966
187326
187429
187554
187627
187644
18766
18767
187854
187855
187939
188059
188147
188178
188275
188276
188322
188325
188483
188587
188716
188717
188718
188930
189266
189370
189477
189534
189562
189657
189738
189740
189900
189993
189995
190103
190189
190202
190230
190289
190433
190551
190725
19083
190926
190931
191024
191071
191072
191088
191117
191207
191260
191388
191450
191466
191470
191528
191537
191541
191585
19177
191844
191894
191899
191929
191994
19200
192076
192105
192778
192793
192801
192952
193159
193233
193337
193618
193650
193651
193652
193695
193759
193760
193761
193762
193787
193944
194192
194204
194205
194206
194423
194424
194426
194437
194438
194439
194539
194661
194697
194698
194699
194906
194951
195346
19548
195488
195581
19560
195644
195703
195791
195792
195845
195925
195927
196017
19602
196166
196177
196264
196298
196350
196456
196457
196650
196774
196871
196878
196885
196891
196892
197014
197017
197018
197151
197152
197184
197185
197197
197244
197251
19749
197922
197923
198046
198145
198146
198157
19822
198294
198743
19912
199223
19928
199293
199346
199464
199490
199642
199682
199810
19983
200167
200217
200218
200320
200385
20067
200706
200755
200770
20111
201625
202040
202071
202692
202698
203253
203577
203846
203877
203956
204018
204039
204165
204293
204360
204361
204526
204569
204574
205023
205205
205207
205210
205232
205374
205619
205620
205621
205766
205829
205831
205891
205907
205927
206310
206332
206358
206433
206636
206681
206706
206722
206803
206804
206805
206806
206914
206998
207014
207119
207232
207233
207293
207415
207416
207420
207626
207627
207628
207629
207640
207658
207700
207858
207939
207943
207945
208106
208309
208482
208483
208787
208990
209024
209612
209808
209927
210015
210044
21005
210250
210383
210547
210548
210550
210552
210561
210562
210568
210569
210971
210972
211277
211312
211313
211359
211375
211397
211594
211637
211715
211716
211814
212039
212040
212114
212115
212148
212290
212344
212492
212562
212761
212786
212888
213096
213191
213442
213506
21351
21364
213652
213653
213765
213918
213958
213960
21412
214184
214368
21466
214796
21481
214983
214988
214989
214990
215084
215104
215197
21532
215384
215421
215433
21553
215566
215584
215649
215689
215691
215729
215875
215989
216013
216062
21612
216153
216295
216339
216377
216432
216516
216760
217172
217262
217381
217503
217509
217589
217687
217824
217927
218081
218082
218236
218238
218239
218351
218352
218457
218598
21860
218627
218652
218710
219016
219018
219141
219700
219724
220226
220238
220706
220817
220843
220891
220930
220940
220962
220967
221242
221243
221259
221487
221515
221579
221753
221880
222103
222254
222273
222500
222650
222876
223132
223133
223263
223515
223554
223672
224933
225084
225085
225148
225820
22590
226083
226719
226801
226905
227059
227078
227110
227166
227237
227331
227612
227719
227813
227820
227964
228078
228235
228454
228519
228572
228629
228724
228868
228929
228930
228931
229150
229182
229185
229190
229515
229537
229685
229893
230027
230072
230137
230150
230151
230152
230154
230157
230274
230276
230277
230339
230412
230464
230465
230551
230588
230696
230879
230953
230976
231345
231346
231431
231542
231602
231603
231610
231667
231679
231736
231968
232070
232493
232525
232548
232565
232583
232591
232593
232631
23288
232944
232959
23314
233175
233205
233460
233463
233523
233592
233650
233844
233988
234024
23409
234161
234367
23445
234553
234569
234580
234581
23466
23467
234806
23481
234826
235237
235265
235266
235267
235298
235322
235323
235337
235393
235422
235423
235581
235689
235826
235878
235881
235942
235976
236152
236153
236322
236553
236729
236805
237172
237208
237325
237379
237761
237762
237764
237766
23784
237995
238037
238313
238589
238590
238949
239018
239031
239042
239043
239101
239320
239332
239566
23972
239782
240013
240340
240426
240427
240439
240597
240639
240908
241232
241249
241269
241497
241559
242062
242207
242208
242210
242211
242212
242214
242215
242216
242369
242633
242667
242807
242814
243089
243248
243328
243329
243330
243392
243394
243557
243679
243695
243849
24403
244039
244065
244127
244231
244423
244537
244630
244631
24468
245391
245463
245598
245637
245776
245778
246110
246180
246198
246416
246427
246486
246487
246539
246655
246669
246670
246682
246802
246870
246920
24693
246935
246986
247074
247266
247306
24733
247381
247422
247424
247425
248094
248455
248507
248595
248777
248841
248860
248935
249572
249758
249829
249902
24999
250093
250094
250189
250321
250745
251361
251458
251551
251947
252356
252390
2524
253041
25305
253252
25331
253380
253466
253644
2537
253794
253860
254791
254806
254808
254843
254893
254913
254987
255046
255413
255716
255748
255777
256142
256143
256170
256223
256377
256383
256384
256419
256547
256857
25689
256894
257251
257255
257364
257365
257465
257479
257480
25757
257580
257637
257854
257953
258035
258329
258641
258648
258685
258686
258702
258797
258922
258954
258955
258956
25896
259157
259276
259279
259344
259478
259481
259544
259564
259565
259566
259567
259568
259569
259570
259575
259814
259831
260057
260059
26006
260093
260096
260150
260220
260276
260283
260615
260616
260666
260790
260999
261320
261684
261688
261734
262227
262600
262767
26279
26286
26294
263023
26312
263207
263253
263258
263287
263389
263483
263719
263721
26380
263814
264015
264194
264238
264244
26431
26459
264687
264753
265018
265038
265285
265286
265347
265616
265620
265624
265625
265626
265705
265859
26599
266128
26617
266453
266533
266536
266538
266677
266943
266944
266945
267025
267161
267212
267252
267285
267372
267373
267374
267375
267376
267400
267401
267446
267447
267543
267544
267769
267844
267919
267920
267921
268226
268364
268389
26850
268500
268506
268507
268508
26852
26853
268679
268767
268769
268771
268780
268796
268871
269120
269168
269348
269580
269585
269609
269617
269619
269713
269808
269883
270
270134
270245
270419
270678
27077
270816
270870
270911
271008
271073
271328
271642
271978
272125
272254
27232
272330
272417
272511
272554
27258
272711
272954
272956
273003
273060
273100
273202
273328
273383
273729
273746
273824
27383
273848
273868
273943
274138
274447
274448
27448
274483
274484
27453
274542
274543
274794
274796
274826
274913
274915
274934
274998
275253
275279
27542
275594
275653
27573
275749
275845
27586
27591
276338
276382
276383
276384
276626
277131
277276
277454
277465
277468
277647
277779
277940
278082
278162
278363
278384
278385
278629
279033
279116
279335
279751
27986
279932
28013
28015
280325
280333
280432
280488
280546
280918
280960
281026
281129
281136
281253
281448
281678
281775
28180
281939
28215
282336
282343
282575
282931
284672
284861
28498
285038
285098
285321
28560
285771
285804
285868
285869
285878
286063
28618
286253
286254
286255
286256
286294
286403
286404
28663
28704
28713
287432
287497
287736
287765
287766
287822
287823
287824
287876
287910
287911
288013
288101
288103
288104
288245
288248
288249
288250
288321
28837
288603
289091
289196
289197
289418
290042
290086
290133
290602
29072
290979
290980
290982
291231
291233
291575
291577
291735
291736
29177
292125
292142
292143
292173
292174
292242
292259
292265
292775
292858
292956
292964
293131
293132
293373
293508
293636
293651
293708
293730
293745
293759
293766
293814
293936
293977
294067
294068
294376
294377
294378
294504
294571
294624
294716
294826
294828
294887
294938
295168
295204
295265
295266
295267
295269
295429
295552
295747
295748
295749
295751
295771
29596
296014
296201
296314
296316
296317
296360
296522
296736
296752
296753
296985
29703
297132
297173
297586
297663
29769
29771
297864
298059
298104
298220
29824
2983
298344
298346
298347
298588
298700
298974
299124
299157
299273
299375
299398
299413
299754
299839
300291
300795
300948
300954
300988
301080
301198
301359
301377
301773
301994
301999
302002
302004
302508
302774
302909
302984
302985
302986
302987
302988
303190
303232
303641
303702
303703
303704
303712
30375
303772
303773
304039
304083
304407
304408
304437
304642
304645
304677
304884
304968
304969
304970
305065
305066
305067
305068
305153
305172
305173
305179
305260
305263
305267
305353
305390
306064
306221
306315
306388
30660
306637
306770
306816
306893
306984
306991
307151
307239
307414
307607
307638
307745
307906
308185
308195
308286
308355
308399
308716
308745
308808
308870
308935
309053
309236
309255
309256
309296
309352
309374
309375
309673
309729
309917
310085
310086
310088
310386
310492
310710
311171
311216
311257
311258
311386
311490
311598
311637
311832
31214
312340
31236
312646
312797
312827
312866
313001
313183
31328
313532
313933
31414
314254
314255
314256
314450
314970
315418
316199
316728
317398
317745
317823
318306
318307
318361
318545
318546
318547
318915
318921
319101
319205
319433
319435
319553
31966
319758
319943
319974
319976
320172
320274
320747
320756
320953
321125
321206
321207
321209
3215
321776
321896
321905
321906
322022
322058
322060
322088
322091
322092
322168
322169
322288
322364
322375
32260
322808
323000
323111
323527
323950
32399
324302
324320
324441
324654
324668
324683
324705
324723
324724
324741
324742
324743
324761
324762
32477
324854
324878
324880
324907
324910
325231
325247
32527
325416
325421
32547
325588
325905
325915
32611
326323
326378
326473
326474
326475
326476
326477
326478
326564
326667
326668
326670
326712
326855
326940
327022
327639
327640
327697
327698
327734
327735
327736
328168
32823
32845
328478
328479
328481
328537
328538
328539
328557
328563
328565
328627
329217
329315
329405
329406
32941
32952
329540
329552
329658
329780
329781
329782
32999
329991
330325
330400
330456
330457
330497
330503
330842
331721
331771
331937
332290
332474
332895
332936
333191
333243
333278
333285
333286
333793
334020
33403
334113
334114
334482
334588
335255
335346
335403
335495
335531
335615
335717
336472
336473
336501
336913
33693
337047
337048
33719
337347
337388
337437
337442
337564
337566
337820
337831
337834
337839
337862
337997
337998
338175
338227
338454
338455
338466
338473
338577
338609
338610
338611
338947
33912
339153
339639
339992
340013
340227
34040
34041
340441
340670
34090
341141
341142
34116
34158
341627
342070
342071
342072
342198
342238
34263
342709
342849
342866
34296
343177
343211
343267
343360
343412
343453
343585
343766
34380
344173
344174
344746
344918
345053
345211
345306
345409
345455
34552
345536
346015
346501
346510
346588
347132
347489
34763
347972
348030
348031
34807
348414
348760
348876
348980
349295
349448
349449
349506
349593
349594
349892
35012
350597
350771
350772
350798
350934
35180
352083
352142
352200
352425
35265
352789
353343
353985
354027
354122
354236
354350
354916
355121
355437
355489
35552
356110
356181
356438
356848
356849
356922
356943
356945
35751
358278
358492
35870
358741
358880
359034
359060
359208
359209
359380
359429
359692
360565
360855
360856
360975
361092
361117
361118
361119
361192
361193
36139
361561
361678
36191
361948
361959
361978
362123
362270
362741
363187
363188
363189
363256
363323
363324
363325
363708
363710
363714
363727
364370
364391
364392
364393
364394
364650
36481
36541
365554
365556
365787
365826
365883
366278
366432
366514
367290
367549
367814
367967
367969
367970
368366
368476
368477
368479
368480
368512
368559
36858
368987
368988
369116
369168
369312
369314
36952
369792
369860
369971
370558
370940
371101
371287
371334
372035
372036
372037
372062
372064
372065
372274
372581
372583
372670
372671
372672
372673
372675
372737
37289
37316
37322
374280
374281
374782
374801
374906
376187
376392
376393
376394
376395
376401
376402
37680
37683
376982
376983
376986
377225
377541
377564
37770
377739
378112
378119
378121
37815
378494
378610
378684
378685
37874
37875
378820
378995
378997
37955
379807
380201
380933
380934
380935
381460
381818
381825
38231
382455
382456
382498
383105
383143
383397
383582
383780
383781
384146
384208
3844
384688
384926
385093
385223
38532
385401
385402
385403
385529
385530
385780
386003
38603
386153
386183
386263
386264
38651
38652
38653
38700
387684
387834
387888
387889
388878
389135
389336
389500
389502
389558
38965
389819
389978
389979
390461
390701
391294
391473
391474
391563
392007
392408
39258
393491
393922
393974
394134
394228
394395
394446
394447
394823
394951
394979
394980
394981
3955
396431
396533
396534
39684
396850
39701
397078
398400
39858
398664
399467
40043
400474
40065
40166
40201
402443
40252
402822
403178
403282
403283
403284
40405
40444
40448
404638
404902
405371
405430
40573
406046
406047
406048
406049
406632
40804
408284
408859
409242
40952
409578
409579
409580
40959
41056
410696
410697
410698
410893
410894
410895
410994
410995
41192
412388
41255
412594
41262
41277
41362
413727
413728
41378
414244
414258
4149
415433
41726
417597
417598
417599
41816
41907
41934
419811
419812
41993
42016
420253
420603
42087
421153
42119
42177
42335
42402
42420
425253
425254
425414
425467
42596
42648
42733
42734
42743
42834
42877
42926
42951
42982
43023
43129
43154
43231
43311
43351
43663
43704
43799
43825
4390
44071
4427
44468
44474
44477
44478
44479
44546
44547
44771
44852
45245
45470
45497
45617
45901
46198
46407
46549
46697
46841
46915
46944
47126
47199
47206
47267
47268
47338
47339
47340
47656
47785
47879
48160
48248
48415
485
48864
48889
49019
4918
49188
49246
49385
49484
49622
49633
49709
49792
49845
49846
49941
50022
50204
5028
50443
50454
50554
50579
50690
50721
51084
51109
51242
51525
51530
51562
51785
51814
51861
52029
52030
52657
52749
5303
53195
53196
53274
53293
53296
53924
54007
54085
54123
54232
54662
54734
54929
54995
54997
55107
55110
55539
55728
55755
55776
55777
55864
55865
5659
56609
57051
57060
57375
57628
57654
57678
57692
57755
57756
57861
5792
57979
58268
5827
58373
58457
585
58611
58824
58883
58948
59088
59357
59425
59527
59529
59657
59658
59742
59803
59805
59806
59807
59808
59809
60159
60163
60343
60403
60459
60574
60673
60710
60841
60907
60980
61025
61037
62235
62275
62371
62440
62595
62627
62767
62932
62990
63201
63337
63415
63462
63483
63489
63821
63880
63949
64336
64615
64848
64947
65063
6532
65448
65455
65471
65720
65725
65808
65868
66139
66379
66399
66528
6653
66544
66592
6690
67240
67437
6744
6779
67940
68083
68153
68169
68221
68231
68233
68234
68341
68613
68655
68816
69352
69449
69470
69476
69497
69653
69711
69925
69935
70243
70290
70495
70528
71049
71240
71330
71651
71660
71705
71798
71864
71958
72094
72096
7245
72463
7251
72667
72781
72863
72961
73057
73104
73498
73711
74355
74690
74726
74727
74734
75086
75262
75462
75594
75617
75657
75694
75773
75904
75910
75911
75949
76108
76140
76145
76224
76264
76432
76440
76499
76657
76963
77024
77099
77596
77599
77859
77916
78039
78083
78160
78860
79200
79210
79263
7967
79682
79787
79834
79958
79992
80085
8025
80256
80257
8033
8059
8060
80647
80685
80686
80687
80688
80689
80728
80741
81086
81350
81381
81740
81928
81933
81996
82023
82093
82335
82507
82508
82525
82554
82743
82835
82960
83020
83205
83255
83307
83429
83448
83515
83558
84101
84147
84311
84312
84526
84654
84672
84737
84774
84934
84972
85757
85811
85887
85892
85896
86118
86343
86427
86676
86739
86837
86899
86994
8702
87094
87107
87110
87460
87517
87755
87757
87917
87992
88066
88250
88314
8842
88438
88460
8847
88475
88493
88494
88534
88620
88622
88623
88723
88730
88733
88735
88736
88958
89088
89245
89294
89375
89401
8958
89753
89780
89811
89884
89885
89928
90089
90304
90314
90343
90518
90708
90838
90859
91007
91035
9126
91290
91552
91847
91886
91961
92087
92344
92549
92574
92613
92671
92721
92957
92958
92973
92988
92998
93049
93131
93160
93162
93168
93273
93544
93550
93590
93676
93841
94069
94304
94354
9449
94661
94877
94995
95186
95261
95677
95783
95990
96077
96082
96393
96394
96760
96951
97016
97017
97258
97277
97292
97335
97381
97500
97592
97666
97714
97775
97776
97824
97829
97885
97903
98082
98127
98134
98168
9849
98542
98661
98679
98990
9931
99334
99360
99384
99385
99401
99525
99778
99828
99915
99922
99924
99925
99929
