10034
10035
100555
100606
101019
101145
101480
101573
101939
101983
102507
102542
102776
102971
103928
104176
104350
104553
104766
104768
104770
104778
104911
105204
105238
105481
105517
105595
105619
10584
106093
106103
106195
106397
107972
107996
109100
109138
109149
109368
110062
110252
110279
110425
110650
110946
111123
111550
112014
112055
112428
112494
112824
112825
112827
113034
11352
114651
114686
114687
114690
115002
11516
115260
116168
116460
116682
117507
117848
118030
118233
118378
11892
119016
119023
119025
119092
11915
12009
120388
120970
121125
122005
122007
122021
122728
122874
122915
123033
123183
123297
124223
125538
126072
126438
127345
127568
127787
127821
128705
12904
129997
131043
131182
131211
131416
13146
132503
132670
132771
132794
133831
134328
134417
134561
134759
135115
135241
135311
135378
135409
13589
135937
136177
136179
136713
136953
137338
13752
137761
137763
137766
137778
139317
139534
139840
139847
139914
139954
14088
141343
142299
142583
142680
143575
143589
143671
143715
143748
144629
144958
144982
145503
146229
146401
146527
146859
147147
147152
147259
147500
148532
148535
148960
14930
149432
14948
149579
149826
14992
150038
151094
151456
151748
151750
151751
151849
151855
152199
152220
152407
152543
152594
153391
154146
154509
15489
155663
155770
155846
156266
156457
156950
157258
157349
157592
157852
158156
158208
1585
158577
158753
158820
159036
15922
159226
159929
159988
160435
161232
161271
161659
161796
161938
16253
162974
163046
163200
1637
1640
164157
164231
164600
164668
165194
165430
165937
166191
166267
168111
16832
168715
169076
16912
169845
170067
170730
170756
170911
171152
171437
171677
171979
172367
172369
172517
172939
173371
173435
173625
173935
174472
175213
175382
175837
176604
176908
177374
177466
177542
1776
178061
179036
179921
179922
18059
180908
181843
182190
182215
182430
182858
182923
183214
183231
183412
183511
183831
184063
184191
184458
184528
184680
18493
185312
185449
185636
18596
186022
186253
186391
186613
1872
187294
187297
187854
188073
188313
189109
189331
189398
18946
189478
189612
189829
189882
189959
190199
190337
190549
191775
19197
192900
193110
193268
193756
193790
19411
194405
19471
194776
194944
195054
195082
195156
195210
195448
195461
195987
196637
196682
196987
19767
197841
198073
198470
199507
199549
199855
199961
199986
200054
200228
200385
200769
201405
201407
201570
201572
201574
201708
202277
202441
202849
203359
203600
203633
203826
204884
205295
205319
205669
206281
206283
206540
207697
208621
209611
209915
210439
211804
211862
211894
212232
212992
213239
213711
213786
213793
214485
214555
215112
21513
21532
215588
215955
216152
216567
216697
216724
216885
217230
218281
219107
219207
219575
219866
220205
22044
220460
220705
22085
221436
221490
22190
222047
222584
222737
223061
223755
224377
224484
225455
225811
226912
227700
228082
228086
228303
229019
22915
229510
22979
230262
231148
232354
232462
232913
233405
233996
234598
23465
23490
235408
236382
237249
237402
237754
238138
239050
239132
239679
240480
24054
240723
240874
24221
24235
242803
243289
24373
243863
244847
244947
245507
246279
246373
246646
246768
247058
247059
247343
247358
247467
247651
247826
247967
248070
248217
248522
2486
249182
249270
249514
25094
250953
251108
252719
252788
252984
253794
253870
254184
254263
25482
254963
254994
255399
255586
256182
25624
256938
257265
257397
25749
257765
258139
258173
258433
258456
258819
259168
259495
259625
259788
259997
260186
260469
260602
260643
260701
261014
261046
261558
261562
261662
261977
262116
262450
262879
26373
264303
26443
264496
264569
265286
265479
26767
26769
267959
2683
268581
268629
269199
269382
269463
269505
269571
269951
270262
270273
271928
272841
272957
273670
273695
274305
274645
274940
275487
276007
276086
27651
276567
276753
276847
276958
277024
277248
277277
277405
277503
277636
277912
278001
278169
27877
279516
279570
280181
28053
280651
281081
281324
281468
282154
282228
282873
283470
283892
284342
284366
284716
284796
285433
285560
286274
286373
286536
28682
286824
287026
287049
287345
287734
287916
287998
288273
288908
289158
289740
289742
289743
289746
289751
289753
289754
289755
289756
289760
289763
290347
290420
290875
291129
291402
291528
291669
292405
293009
293032
29307
293109
293154
293591
293867
294323
294679
295343
296207
297126
298152
298914
298951
298966
299112
300111
30012
300120
300171
300584
300590
300768
300975
301152
301483
301682
301761
301867
302081
302342
302350
302507
303589
305173
305604
30562
306231
30669
306709
306781
306998
307186
307970
308357
309062
309573
309970
31001
310096
310216
310488
310594
310937
311018
311508
311872
3120
312146
312166
312581
312685
312743
313239
313307
313446
31348
313734
314403
315063
315368
315407
315637
31598
316207
316507
316752
316995
317603
317951
31798
318212
318376
318538
31953
319569
320128
320545
32065
320761
320777
320805
321687
321831
321887
322320
322607
322928
322945
325101
325282
325745
326049
326225
326323
326337
326441
326481
326541
32688
326952
327126
327789
327818
327922
328351
328468
328691
328951
329352
329428
329817
330122
330216
330328
331184
331333
331412
331825
331946
332244
332507
33251
332908
333429
333688
33379
333916
334953
335158
335159
335171
335564
335763
336537
336749
337987
33812
339081
339357
339725
34120
341392
341594
341761
341995
342933
343242
343601
343898
344438
344483
344592
344721
344945
345111
345802
345827
345863
346709
34701
347255
347716
347743
348108
348225
34869
348809
349055
349470
349627
349908
350128
350251
350318
35036
350413
350547
351110
35115
351378
351604
351669
351682
351716
351766
35191
352223
352450
352817
352994
353282
353310
353596
354092
354429
354492
354715
354742
354809
354845
355253
355265
355378
357410
357452
357507
358478
358590
358887
359145
359712
360679
360762
361070
361345
361346
361444
361649
362180
362479
362551
363055
363219
363420
363588
363933
364388
365198
365199
365200
36535
36712
367827
36802
368498
368865
36893
369074
369214
369475
369899
369920
370860
370940
37099
371067
371837
372238
37313
373235
37345
373549
373680
374435
37456
375640
376852
377023
377269
377304
379037
379682
380681
380684
380776
38085
381003
381349
382724
3833
384350
384715
384854
3850
385201
385257
38545
385932
386868
387160
38731
387465
387578
38822
388235
38972
38973
38974
38977
38978
389791
38981
38982
389962
389997
390045
390591
390680
390845
391036
391539
392518
392622
392680
392965
393518
393723
393849
394046
394441
3951
39526
395309
39537
39538
39539
39540
39542
395752
396156
396166
396323
396649
396655
396939
397448
397575
398644
399006
399039
399606
400523
400566
401187
401575
401798
402482
402718
40319
403255
40326
40330
403346
403540
403798
404569
404609
405299
40583
406305
406909
407247
407423
408420
408619
409317
409356
410695
410779
410980
411035
411367
411459
411592
411667
411902
412163
412381
412804
413433
413490
413665
415253
415544
416018
416364
416423
416431
417416
417432
417573
417663
417695
417921
418177
418605
418739
419009
419838
419862
42018
420427
420599
420729
420900
420916
420948
421169
421373
422155
422194
422369
422901
423524
423864
424074
424495
424508
424561
424948
425057
425066
425067
425287
425633
42565
425681
426033
426088
42617
426827
42687
427277
428193
42826
428498
429147
429260
429655
429722
430544
430888
431195
431285
431758
432003
432354
432613
432937
433145
43379
433792
434007
434120
434252
434697
434725
434828
434890
434966
435174
435438
435530
436429
436450
43657
437058
437619
437660
437941
43798
438089
438282
439705
440380
440776
441045
441533
441552
441676
442249
442876
443
443073
443545
443747
443821
444048
444051
4442
444342
44450
444683
444746
445196
445204
445716
445783
445944
446503
447700
448724
448868
448900
449531
450464
450706
450997
451459
451582
451794
452082
452249
452257
452442
452464
452884
452964
453143
454459
454723
455205
455263
455309
455520
456448
456623
457079
457300
458382
458383
458949
458950
458993
459197
459635
460244
460256
460427
460548
461898
463156
463529
463705
464198
464205
464207
464271
465069
465092
465402
465905
466842
467133
467717
467827
469079
469094
469095
469135
469140
469791
46990
470842
471009
471336
471348
471688
471901
472084
472722
472803
473474
473521
473755
474245
474776
47521
475285
475488
476197
476202
4767
477664
477697
478116
478532
479011
479143
479406
479422
479518
480390
480619
480628
480822
481044
481138
481729
481877
481957
482033
482546
4829
482957
483021
483103
483106
483124
483126
483624
483855
483882
484370
48448
48467
485105
485327
485524
486744
487203
487539
487943
48815
488277
488459
48881
488813
489117
48933
489399
489415
489424
489520
489751
490177
490596
491208
491494
491554
491652
49211
492179
49247
492595
493980
494264
494329
494481
494662
494860
495357
495664
495935
496093
496201
496242
496329
496847
497038
497384
49756
49761
49830
498600
498651
499411
499423
499424
499716
50037
500515
501277
501622
502939
50313
503228
503245
503396
503406
504305
504513
504543
505195
505548
505600
505955
506415
506866
507462
508419
508581
508757
508801
509112
50957
509664
509718
510530
510562
511237
511743
511848
51187
512040
512048
512147
512468
512763
513170
513318
51393
514212
515042
515094
515526
516170
51660
516766
517525
517526
517527
518125
518489
518791
51893
518984
519013
519036
519084
519124
519355
52005
520121
520280
520324
520459
520543
520753
521011
521270
521818
521872
522078
522219
522261
522641
523265
523270
523408
523525
523585
523591
523685
523792
5238
524008
524040
524779
524843
52500
525731
526095
526279
526608
526859
527136
527614
528715
528926
529057
529142
529268
53000
530090
530243
530309
530348
530406
530630
530720
530846
531122
531408
531758
531808
53198
532991
533027
533138
533437
533815
533891
534192
534859
534978
535391
535477
535503
535792
535908
536006
536075
536374
536410
536741
536742
536830
537219
537268
537958
538287
53841
538480
538792
538944
538974
539125
539186
539236
539482
540372
540443
540659
540769
540861
540957
541359
541722
542184
542319
542683
542780
542826
542867
542870
542871
542872
542874
542899
543161
543162
543173
543247
543730
543731
543762
543899
544163
544170
544279
544374
544403
544570
544871
544957
544993
545245
545507
5457
54603
546176
546178
546224
546316
546317
546391
546444
546961
546964
547107
547205
547555
547663
547944
548137
548142
54882
54908
55057
56052
56688
56913
59216
60316
60351
60667
60965
61571
61891
62080
62603
62762
62937
63151
63369
63371
64287
64638
65243
6557
6579
65886
65985
66017
66791
6688
6690
67407
67416
67454
67485
67614
67616
67617
67618
67619
67802
68116
68152
68613
70071
70230
70513
70522
70924
71445
71736
71938
72965
73
73128
73400
7354
73833
73912
73917
73929
73933
73934
73938
74439
74550
74552
74639
74703
75184
75762
75780
76213
76847
76881
76957
76984
77068
77328
77339
77458
77936
78517
79412
79419
79705
80153
80682
80778
80905
80999
8130
81790
82064
83155
8324
83941
84392
84961
85518
86150
86359
86888
86910
86953
8720
87891
88071
88563
88664
89325
89918
90260
91161
91351
91722
9179
91945
92426
9244
9246
9247
9252
9253
9254
92707
9277
9282
9284
93020
93317
93356
9345
93814
93891
94213
94903
95258
95427
95444
95456
95539
95730
96158
96907
9762
98081
98269
98332
98343
98546
9869
99160
99373
