100623
100920
101887
102398
107045
10711
109243
110845
113814
114810
115271
115587
116969
117261
119495
120216
121270
121462
121482
122267
124351
126278
127074
127339
127346
129002
129143
129819
132
132671
133887
135006
13679
138082
138218
140298
140476
141005
141157
142229
14299
143147
143298
144083
145089
145886
148667
148815
14896
150450
151531
15292
153667
154531
155547
156150
157089
157635
158674
15952
160798
162361
162503
162598
162709
163015
163486
165039
165128
166077
16714
167296
168084
168637
170387
170945
174042
17637
176500
176695
17709
178108
180614
181785
182587
182913
183335
183395
187418
187476
188698
189279
190037
190124
192753
196165
196566
196910
198304
200549
20070
200962
201470
201617
201745
202609
203397
205505
205831
20730
208857
209080
210144
210462
21193
215148
216445
216449
21659
216625
21695
219094
220801
222799
223919
224509
226561
22687
22780
228831
232501
232538
233468
233838
234224
237412
240678
241304
241574
242922
24397
245851
247096
247254
248505
250473
251391
252836
254423
255998
257621
257703
258501
264309
266126
266187
266632
266875
267488
267589
26999
270593
271270
272148
276303
276648
278141
278146
278725
278798
279279
279398
2797
281988
282030
282034
282906
283440
283685
284216
290337
290968
291301
291353
292080
292574
293920
29420
295252
297110
30231
302934
303160
303224
30348
303820
305636
305716
308167
310403
311601
31200
312402
313563
314560
314562
31488
315577
317591
31816
320064
320287
320858
320928
32100
321722
321742
323234
323371
323378
323681
324951
327230
32813
32818
32819
32821
32871
32873
32875
32877
32879
32880
328880
332625
334071
334702
334802
33492
334949
335486
338450
338700
338843
339079
340592
341768
34250
343306
343412
345620
346811
348877
34895
34937
350288
351527
352799
352885
353931
354251
35814
359673
359912
360322
361337
362275
362616
362794
363073
366000
370812
371116
371764
371991
373238
378689
379065
379180
382206
382408
384795
385452
386376
386468
387927
389473
393110
396135
396443
398631
399472
399903
405823
406316
406477
407613
407895
408836
410106
410172
411795
412353
412670
413248
414051
415287
415981
416982
417383
418827
418918
420903
421055
422063
422092
42346
426678
428152
428857
429082
430041
430451
430917
432569
433118
433499
434233
435810
436124
436556
438003
438354
439622
4406
440723
445259
446004
447132
449271
451372
452522
452678
453999
454321
455469
455942
457659
458374
461863
462544
463702
464728
464994
465744
467165
467258
469968
470095
470241
470598
470599
471504
472771
472962
475188
47550
47626
478239
478514
480884
480955
481690
483396
483701
483861
486195
486884
486888
487032
487986
488157
489414
489563
490231
490663
492019
492193
493688
494670
495620
497625
497754
497828
49948
499649
50077
501124
501902
502957
503374
503379
503446
506867
507101
508622
509960
510417
510767
513584
514909
515422
516373
516440
516992
517843
518779
519672
5197
5208
521184
521217
521639
521772
522052
522415
523122
523753
524835
525393
525406
52602
527849
528245
528717
52879
530270
534183
534790
535153
53520
537553
538222
539784
541076
541552
543383
54426
544322
544726
544730
545427
545429
54592
545972
547254
547256
547257
548285
56342
57060
57116
57722
61118
62052
62523
62867
64429
65296
65513
66910
67051
68266
688
70028
70709
71036
72238
72727
72880
73196
73991
75245
75588
77207
77749
78028
7933
79592
80005
80013
83362
8624
87626
89482
90557
91930
93050
9645
96479
96812
96824
97661
98112
99684
99737
