100712
100741
101974
102553
102962
102995
104399
104970
105338
105779
106030
106861
108063
10807
109994
110538
110798
111346
112224
112468
113115
113200
115082
115651
115696
116671
116672
117646
118105
118748
118770
11925
11949
119694
119924
12182
12220
122697
122882
122947
123238
126108
128930
129333
129779
129820
130138
130262
132476
132518
133085
134303
134552
135002
135189
137807
139598
139914
140625
140626
140901
142480
142501
143419
143918
144842
145472
149082
149267
149461
149463
149613
149687
150658
151826
152297
154608
155181
155413
155435
155935
156062
156063
156354
156739
158230
159554
159609
162340
164299
165662
165664
166098
166102
166106
166179
166744
167117
167147
167148
167322
168600
168673
168675
168676
168677
168899
168901
169562
169731
17047
172641
173048
173697
173931
173932
174306
174488
174598
175173
175891
176097
176150
176463
176490
17898
179678
180355
181307
182374
183228
183462
184004
184859
185556
185558
188564
18992
190596
190610
190613
19119
191717
192066
193763
19434
194343
195025
195143
195772
195926
196114
196162
196163
196377
196459
196860
19687
198164
198211
199349
199510
202500
203331
203739
204131
204302
204362
205575
20658
207021
207028
207124
207125
207698
207699
207821
207827
207828
208291
209063
209821
209913
210356
213043
213486
213917
214603
215390
215874
216759
216976
217950
218455
218914
219252
219365
219616
21996
221081
221673
222025
222026
222029
222034
222878
223224
223240
224043
227544
227812
22803
229184
229188
232527
232597
233649
233702
234404
234909
235136
235137
235138
235629
235962
2376
237848
240821
241119
241216
241245
241268
241968
242918
243331
244547
244675
245075
247208
24762
24863
248999
249691
249696
25055
250904
25120
253502
253574
254238
254314
255751
256358
256899
257518
257519
258110
258306
258504
258808
26009
260138
260139
260301
260665
261175
262220
262709
263761
26381
264201
265679
26574
266610
26682
267249
267251
267793
26851
269129
269386
269615
269652
269850
269880
272319
272512
273059
273759
275264
275265
275915
276195
277229
278571
27911
27999
283420
283696
284070
284285
284344
28476
285227
285802
285803
285806
285807
286275
28764
287890
288554
289321
289322
290593
291232
291578
293615
293616
293617
293698
293828
294436
294736
295200
29562
297180
297181
29894
299450
300248
300283
300688
301081
301629
303710
303711
304908
308336
309678
311430
31580
316112
316639
318362
31865
31883
322021
328560
328561
328562
328674
33308
33594
337443
337465
338169
338170
338228
338584
340495
342902
34431
3448
34921
350605
352341
353697
35623
359993
363190
363707
365831
366130
366131
366133
367550
368487
368488
368510
369910
369968
372068
379498
380626
380627
380628
383104
383307
38449
38725
38766
387692
38893
389136
389137
393755
394264
397515
40781
40989
41312
41331
41850
41908
42187
42400
44124
44168
48006
48255
48891
49270
49519
50398
51177
51996
53094
53680
54006
54142
54179
54881
55121
5611
56252
56534
56552
58094
58269
58881
59418
59804
59936
61036
61422
61580
62756
63037
63142
63770
63809
63847
64579
64661
65263
65312
65660
66596
69151
69152
69989
70512
70707
70735
71653
71960
73399
75618
75770
75907
76040
76415
77457
77855
78788
79174
79202
79565
79566
79568
80357
80629
80648
80819
81615
82901
83002
84719
85553
85983
8663
87033
87289
87314
87317
87894
88517
88621
88720
88734
89696
89781
89987
91279
9220
92878
93068
93129
93165
93204
93717
93848
94480
95064
95551
95782
96020
96769
97487
97617
9815
98282
98676
98680
98681
99122
99916
99921
99923
