100001
100071
100084
100088
100259
100388
100394
100452
100464
10054
100579
100582
100652
100656
100695
100724
100755
100764
100897
100918
100932
101
101008
101218
101383
101389
101631
101649
101663
101668
101776
101861
101960
102034
102035
102093
102118
102134
102292
102502
102545
102612
102636
102751
102760
102794
102864
102867
102898
102931
102969
102978
102999
103060
103133
103148
103232
103262
103300
103356
103379
103400
103425
103444
103476
103520
103529
103544
103626
103651
103798
103802
103897
10390
103921
104062
104066
104191
104281
104408
104465
104469
104481
10456
104569
104574
104619
104658
104761
10481
10486
104898
105042
105049
105089
105139
105174
105210
105230
105321
10539
10546
105500
105548
105664
105707
105719
105732
105792
105844
105873
105920
10596
10597
10598
10599
105993
106045
106060
10609
106100
10613
106173
106194
10627
106273
106336
10634
106385
106407
10641
106415
106506
107054
107068
107093
107110
107131
107186
10719
107212
107221
107269
10727
10732
10734
107400
107582
107678
107680
107722
107729
107736
107781
107783
107856
107976
107991
108073
108124
108134
108179
108184
108191
108203
10821
108259
108268
108325
108363
108373
108411
108504
108557
108584
10861
108640
108702
108776
108892
108939
108941
108978
10902
10904
109085
109175
109197
109222
109233
109234
109242
109271
109310
109351
109415
109422
109437
109491
109590
109591
109596
109648
109663
109736
109756
10980
109808
109820
109859
109891
109927
109934
110029
110031
110039
110102
110150
110152
110166
110248
110288
110393
110413
110453
110457
110478
110482
110488
1105
110507
110509
110512
110514
110523
110648
11065
11074
110743
110748
110775
110776
110777
110816
110854
110902
111008
111022
111031
111139
111172
111213
111230
111376
111414
111430
111482
11152
11153
111580
111610
111650
111722
111726
111754
111770
111829
111832
111861
111906
111955
112046
112056
112067
112069
112089
11212
112127
11224
112285
112313
112315
112326
112327
112408
112416
112477
112595
112623
11264
112685
112689
112724
112758
112786
112792
112799
112813
112814
112821
112823
112925
113067
113150
113217
113270
113332
113369
113434
113587
113748
113753
113764
113840
113863
113905
11392
11413
114137
114258
11426
114283
114293
114300
114302
114303
114319
114343
114393
114402
11442
114473
114513
114561
11462
114732
114756
114761
114768
114872
114916
11498
115054
115062
115070
115116
115175
115238
11532
115476
115521
115533
115788
115914
115966
115979
116096
116154
116158
116210
116233
1163
116334
116407
116418
116452
116581
116597
11663
116690
116731
116757
116789
11683
116840
116877
116982
116984
117068
117069
117287
117356
117427
117486
117539
117542
117583
117597
117609
117614
117624
117667
117816
117839
117907
11799
11804
118077
118086
118088
118113
11818
118203
118232
118252
118295
118315
118346
118399
118454
118476
118500
118620
11880
118813
118840
118863
118905
118909
118922
118929
118943
118948
119100
119112
119170
119246
119305
119359
119535
119540
119568
11963
119727
119813
119819
119854
119948
1200
120070
120294
120296
120380
120449
120488
120579
12060
12062
120699
120769
12086
120923
120942
120977
120984
120990
121006
121097
121135
121174
121188
121217
121302
121306
121344
121380
121441
12147
121475
121514
121529
121551
121594
121596
121609
121673
121740
121756
121768
12177
121794
121850
121895
121919
121926
121995
122019
122050
12209
122115
12217
122211
122330
122338
122368
122517
122537
122558
122613
122622
122664
122666
122815
122823
122965
122983
12303
123064
123091
123096
123128
123159
123181
123228
123267
12346
123508
123529
123563
123654
123681
12382
123836
123842
123844
123845
123949
123953
123975
124033
124082
124086
124093
124094
124176
124215
124220
124281
124283
124384
124405
124469
124476
124599
124602
124773
124786
124819
124945
124948
124952
124977
124992
12500
125000
125127
125167
12517
125175
125238
12525
12526
125289
125304
125335
12562
125772
125857
125994
126054
12608
126115
126223
126245
12629
126362
126397
12645
12646
12647
12648
126549
126668
126693
126694
126741
126775
126799
126810
126841
12695
126968
126974
126979
127043
127085
127182
127218
127273
127332
127358
12742
12746
127536
127711
127731
127782
127819
12785
127928
127991
128
128002
128018
128026
128060
128125
1282
128209
128214
128229
128249
128316
128420
128494
128544
128583
12860
128608
128633
128645
128646
128737
128808
12886
128871
128901
12898
128994
129272
129305
129389
12959
129663
12969
12971
129710
129718
129719
129721
129804
12983
12985
129861
129913
129923
130050
130124
130245
130396
130418
130442
130542
130548
130580
130583
130722
130724
13083
130923
130970
131037
131061
131093
131181
131232
131344
131351
131427
131442
131554
131606
131647
131652
131663
131944
131985
132000
132031
132051
132270
132274
132408
132409
132457
132461
132531
132725
132737
132823
132830
132836
132870
132912
132915
132917
132950
132968
133087
133099
133115
133133
133273
133283
133308
133331
133416
13343
133562
133589
133599
133617
133679
133734
133754
133777
133904
133918
133986
134045
134064
134084
134160
134175
134194
134231
134247
134358
13436
13437
134429
134505
134714
13472
13475
134809
134811
134831
134868
134888
134935
134939
135014
13507
135088
135104
135174
13518
135216
135271
135360
135434
135499
135519
135652
135693
135702
135747
135867
13590
135954
136186
136208
136209
136211
136296
136344
13635
136446
136452
136512
136574
136589
136695
136733
136748
136771
136774
136798
136805
136916
136918
136925
136931
136935
136948
136950
137036
137050
137052
137144
137178
137182
137265
13732
137498
137503
137527
137545
137880
13794
137968
13799
137990
138024
138036
138067
138094
138098
138186
138211
138272
138273
138301
138325
13837
138399
138405
138406
138407
138475
13850
138501
138523
13857
138627
138652
13867
138750
138881
138889
138890
138913
138914
138930
138993
139010
139089
139178
139208
13922
139293
139398
139407
139410
139413
13948
139490
139614
13965
139711
139757
139762
13998
139994
140014
14012
140141
140174
140199
140265
140352
14038
140392
140510
140683
140689
140717
14073
140741
14076
140762
140937
140945
140949
141110
141160
141177
141201
141206
141236
141245
141301
141379
141436
141467
141471
141498
14157
141599
141635
141711
141836
141989
142115
142163
142230
142383
142400
142413
142427
142439
14245
142454
14254
142627
142745
142773
14280
142820
142980
14305
143095
14315
143159
143271
143368
143384
143401
143470
143495
143573
143603
143608
143714
14372
143979
143980
144025
144036
144045
144069
144106
144127
144221
14425
144252
144255
144283
144321
14435
144403
144416
144441
144502
144507
144541
144713
144738
144800
144876
144919
144956
145091
145106
145180
145288
145293
145294
145300
145448
145537
145588
145595
145638
145706
145710
14573
145748
145753
145797
145811
145910
145912
145927
146062
146125
146150
14618
146227
146269
146298
146317
146326
146480
146481
146488
14658
146593
146619
14662
146623
146661
146668
146788
14686
146898
146900
146955
14698
147105
147107
147132
147214
147315
14739
147416
147571
147607
147649
147735
147778
147833
147857
14791
147916
147931
148017
148039
148080
148087
148090
148142
148248
148417
148423
148444
148445
148515
148541
14859
148592
148649
148676
148725
148741
148848
148870
148907
148912
148918
148944
14906
149139
149140
149143
149144
149145
149190
149197
149247
149250
149259
149285
149319
149454
149459
149474
149492
149495
14960
149680
149703
149744
149759
14979
149819
149852
149899
149937
1500
150023
150045
150058
150077
15010
150139
15018
150183
150207
150211
150252
150274
150327
150359
150444
150470
150515
150522
15054
150543
150549
150611
150707
150736
150741
15076
150787
150815
150988
150998
151034
151088
151159
151205
151216
151266
151269
15127
151410
151422
151659
151862
151976
152001
152006
152118
152299
152314
152320
152370
152436
152440
152512
152589
152623
152758
152770
152778
152840
152868
152968
153075
153081
153115
153130
15316
153292
153491
153672
153838
153979
154138
154140
154202
154218
154240
154277
154282
15433
154368
154377
154384
154396
154417
15449
154506
154604
154620
15463
154675
154741
154776
154817
154832
154963
154979
155064
155096
155103
155108
155111
155142
155151
155211
155316
155318
155380
15547
155513
155539
155598
155697
155754
155786
155845
155864
155868
156021
156043
156044
156060
15615
156330
156415
156489
15661
156667
156691
156757
156772
156783
156784
156820
156874
156876
156987
156993
15700
157047
157048
157060
15708
157140
157161
157272
157352
157436
157449
157451
157587
157659
157669
157752
157901
158005
158013
158073
158129
158496
158592
158802
158869
158917
158928
159043
159053
159145
159159
159172
159178
159187
159229
159427
159553
159862
159866
159867
159868
159870
159959
160049
160063
16019
1602
160253
160294
160330
160397
160407
160441
16050
160502
160536
160597
160690
160702
160749
160818
160859
160934
160996
161006
16109
16111
161142
161202
161205
161231
161270
161307
161318
161328
161336
161382
161395
161427
161453
161457
161472
161487
161587
161590
161631
16164
161707
161737
161781
161829
161873
161874
161883
161949
162036
162229
162278
162294
162362
16240
162427
162613
162648
162652
162679
162722
162739
162804
162823
162845
162879
162977
163023
163070
163163
163166
163205
163285
163294
163301
163303
163339
163452
163485
163495
163587
163588
163711
163775
163778
163816
16383
163865
163894
1639
163914
163920
164009
164014
164015
164033
164035
164042
1641
164111
164133
164230
164236
164250
164375
164387
164399
164421
164427
164456
164476
164480
164602
164604
164710
164985
165032
165101
165121
165124
165125
165131
165139
165141
165212
165352
165389
165419
165463
165469
165503
165511
165535
165680
165706
165812
165873
16595
166059
166072
166105
166117
166130
166143
166158
166162
166163
166202
166225
166344
16644
166561
166566
166735
166768
166893
166948
16710
167100
167246
167319
167426
167436
16750
167572
167695
167698
167731
167797
167882
167886
167906
16793
168056
168180
168182
168287
168327
168431
168437
168501
168508
168522
168526
168536
168570
168572
168585
168646
168662
168743
168752
168754
168784
168827
168941
168972
168984
169028
169044
16905
169175
169293
169353
169366
16942
169423
169502
169543
169552
169642
169697
169736
169867
169896
169906
169977
170045
170199
170242
170269
170327
170461
170493
170622
170680
170763
170796
170798
170809
170849
170874
17091
170956
170987
171028
171065
171078
171167
171214
171238
171345
17137
171409
171503
171543
171553
171629
171637
171724
171725
171830
171857
171940
171970
171972
172017
172036
172050
172062
17208
17215
172218
172228
172242
172243
17239
172446
172464
172487
172515
172588
172595
172609
172679
172754
172808
172817
172824
172825
172827
17284
172861
172871
172923
172940
173149
173160
173171
173236
173303
173327
173377
173411
17348
173496
173589
173667
173687
173731
173793
173813
173902
173996
174097
174172
174181
174182
174240
174295
174308
17440
17442
174471
174485
174682
174729
174757
174771
174928
174998
175072
175090
175144
175149
175318
175417
175545
175581
175602
175657
1758
175809
175831
175864
175869
175974
176
17611
176159
176184
176204
176263
176270
176391
176450
17648
17651
176603
17667
176683
176731
176736
176776
176793
176891
176985
177056
17707
177145
177148
17715
17716
177192
177204
177231
177246
177301
177452
177498
177501
177514
177538
177681
177753
177782
177851
177936
177942
177961
178064
178077
178173
178198
178203
178222
178246
178277
178341
178407
178467
178472
178505
178783
178961
178971
178992
179001
179026
179106
179116
179124
179179
179181
179193
179195
179197
179200
179201
179202
179207
179209
179211
179221
179255
17928
179327
179355
179356
179558
179698
179726
179871
179872
179914
17994
17999
180078
180095
180100
180137
180162
18041
180506
180569
180578
18066
180755
180936
180976
181025
18103
181064
181126
181154
181169
18129
181326
18134
181409
181460
181471
181492
181537
181666
181730
181734
181783
181812
18190
181922
181932
181953
182018
182037
182078
182085
182116
18212
182145
182146
1822
182210
182310
182335
182337
182338
182359
182435
182478
182520
182616
182663
182679
182875
182894
183057
18326
183325
183408
183430
183478
183514
183542
183631
183837
183871
183949
183955
184017
1841
184126
184173
184227
184237
18426
184264
184462
1845
184590
184612
184624
184634
184730
18479
184803
184854
184866
184995
185031
185045
185056
185150
185174
185177
18538
185383
185464
185469
185527
185541
185560
185580
185616
185626
185683
185693
185709
185741
185822
18588
185930
185975
186053
186065
186092
186139
186229
186328
186386
186400
186407
186430
186483
18650
186518
186575
186598
186703
186707
186715
186743
186785
186827
186838
186839
186907
18696
186966
187112
187127
187198
187217
187354
187370
187482
187493
187563
187686
187693
187924
187952
188107
188198
188202
188389
188409
188421
188510
18853
188534
188593
18871
188720
188735
188744
188784
188787
188916
189007
189013
189107
189124
189129
189174
189182
189237
189330
189339
18936
189456
189521
189653
189654
189670
189757
189841
189897
189904
190012
190019
19002
19006
190062
190064
190065
190195
190224
190275
190384
190422
19043
190467
190475
190509
190528
190629
190637
190765
190772
190798
190820
19097
191076
191118
191141
191151
191156
191182
191258
191280
191283
191284
191306
191369
191382
19148
191527
191707
191796
191817
191846
191928
191962
192027
192052
192190
192194
192260
192266
192313
192466
192523
192540
192596
192608
192628
192636
192709
192722
192743
192759
192770
192962
192985
193021
193098
193112
193153
19319
193203
193216
19323
193240
193300
193333
193364
193375
19341
19345
193507
193534
193599
193609
193615
193654
19370
193742
193802
193805
193828
193834
193837
193926
194007
194080
194103
194234
194322
194419
194423
194691
194702
194712
194740
194821
194845
194926
195023
195027
195043
19509
195101
195115
195404
195496
195526
195563
195564
195684
195822
195830
196008
196044
196124
196132
196135
196138
19614
196150
196192
19622
196245
19625
196298
196335
196422
196488
196547
196562
196622
196726
19679
196822
196826
196827
196867
196875
196891
197035
197043
197127
197286
197338
197391
197411
197416
197418
197439
197590
197609
197675
197678
197797
197806
197814
197816
197817
197818
197821
197822
197839
197866
197919
198055
198063
198172
198204
198253
198344
19835
198351
198477
198484
198496
198530
198566
198600
198684
198685
198707
19877
198897
198903
198913
198973
199086
199088
19912
199121
199217
199231
199234
199372
199467
199497
199616
199674
199682
199697
199701
199759
199787
199799
199812
199841
199857
19994
19999
200002
200053
200073
200103
200224
200271
200365
200366
200511
200566
200577
200727
200738
200920
200956
201095
201146
201164
201171
201212
201221
201249
201263
201338
201374
201408
201513
201515
201569
201582
201586
201631
201644
20166
201731
20182
20183
20185
201855
20186
201863
201878
201881
20193
202049
202056
202245
202288
202340
202367
202401
202424
202686
202702
202731
202793
202852
202927
203014
203098
203229
203243
203259
203272
203415
203424
203430
203458
203547
203701
203827
203895
203903
203981
204016
204126
204271
204315
204353
204354
204438
204468
204591
204652
204686
204991
205050
205060
205091
205236
205265
205276
205328
205388
205402
205459
205568
205580
20561
205662
205676
20571
205739
205744
205786
205875
205959
206340
206343
206352
206374
206440
206475
206513
206643
20676
206773
206785
206800
206831
206842
206941
207188
207193
207285
207304
207306
207402
207491
207524
20761
207684
207803
207834
207857
207944
207946
207962
207963
208154
208201
208216
208349
208358
208375
208422
208523
208548
208703
208712
208740
208741
208815
20888
208899
208913
208921
209002
20902
209023
20903
20904
209103
209104
209163
209188
209203
209209
209225
209238
209375
209480
209501
209582
209590
209646
209721
209787
209822
209823
209923
210166
21020
210212
210250
210255
210259
210348
210373
210414
21046
21053
210570
210580
210605
210607
210707
210724
210735
210783
210828
210859
210875
210883
210884
210944
210992
211006
211010
211039
21106
211119
211196
211198
211279
211337
211436
211466
211472
211515
211607
211652
21166
211717
211726
21173
211751
211795
211808
211881
211918
211967
212045
212108
212121
212191
212214
212245
212260
21232
212352
212517
212546
212553
2126
21262
21270
212800
212805
212817
212862
212864
212867
212869
212909
212946
213022
213112
213167
213186
213196
213200
213201
213205
213232
213266
213292
213301
213303
213313
21332
213385
213394
213407
213422
213561
213603
213604
213613
213615
213617
213650
213676
213681
2137
213736
213761
213828
213842
213860
21397
213996
214023
214026
214046
214048
214106
214126
214161
214232
214328
214408
214452
214558
214614
214648
214684
214715
214723
214773
214829
21483
214959
214960
215022
215058
215061
215094
21516
21518
215184
215235
215266
215280
215320
215330
215365
2154
215409
21544
215497
215620
215664
215706
215767
215778
215794
21584
215844
215847
215848
215883
215914
21599
216024
216044
216056
216065
216089
216117
216154
216202
216368
216380
216381
216422
216431
216471
216586
216696
216739
216758
216817
216818
216822
216938
216984
217014
217024
217054
217086
217095
217115
21716
217171
217231
217261
217346
217362
21742
217502
217508
217696
217716
217748
21786
21789
218002
218003
218045
218069
218076
218100
218136
218139
218279
2183
218359
218419
218474
218600
218626
218763
218769
218826
218871
218900
219109
219206
219229
219264
219315
219322
219381
219430
219482
219498
219574
219603
219615
219649
219714
219743
219746
219748
219755
219781
219831
219957
219976
219977
219978
219980
220010
220034
220061
220084
220085
220163
220229
220277
220330
22036
220425
220435
220470
220482
220496
220702
220897
220904
220921
220933
220969
221011
221076
22116
221215
221225
221229
221362
221367
221400
221525
22153
22154
22157
221632
221647
221669
221671
221697
221715
221760
221763
221788
221789
221813
221852
221870
222160
222180
222181
222274
2223
222340
222379
222381
222382
222386
222414
222499
222530
222647
222671
222735
222789
222855
22295
222974
222987
222994
2230
223046
223117
223119
223142
223157
223168
223186
223189
223206
223212
223267
223290
223296
223414
22343
223527
223614
223642
223682
223688
223767
22379
223851
223909
223912
223945
224007
224056
224119
224211
224252
224305
224371
224387
224389
224414
224420
224554
224555
224684
224731
22475
224867
224878
2249
224937
224970
224978
225019
225031
22512
225214
225226
225247
225318
225413
22544
22545
225450
225457
225562
22558
225637
225654
225665
226140
226152
226168
226183
226228
22627
226291
226299
226536
226541
226599
226605
226635
226645
226679
226709
226841
226851
226854
226870
226879
226898
226933
226965
22700
227118
227121
227137
227244
227251
227263
227311
227369
227387
227406
22749
227516
22753
227643
227652
227683
227789
22787
227921
227977
227999
228006
228092
228180
228233
228236
228239
228249
22826
228363
228369
228371
228430
228537
228567
228571
228712
228881
228892
228947
228971
229035
229039
229173
229193
229515
229525
229556
229584
22967
22968
229736
229780
229792
229807
229998
230005
230077
230093
230120
230284
230333
230357
230382
230407
230413
230462
23051
230512
230545
230566
230571
230601
230683
230723
230731
230788
230862
230915
230958
230959
230977
231008
231176
231184
231265
231413
231462
231528
231533
231545
231581
231588
231620
231714
23175
231869
231917
231953
231984
232075
232136
232138
232184
232195
232209
232218
232272
232303
232310
232317
232402
232761
232830
232842
23287
233084
233151
233154
233179
233198
233222
233232
233248
233306
233313
23338
233402
23350
233613
233672
233695
233761
233792
233940
234014
234035
234089
234093
234154
234271
234500
234545
234546
234650
234757
234758
2348
234839
23486
234920
234924
234937
234939
234948
235216
235224
235278
23529
235293
235296
235362
235411
235463
235471
235570
235790
235847
235864
235924
235945
235970
236017
236045
236079
236093
236168
236240
236243
236304
236319
236357
236362
236392
236396
236452
236462
236473
236828
236861
236879
236925
236947
237027
237078
237103
237111
237173
237209
237311
237477
237499
237561
237646
237774
237846
237858
237897
237914
237977
237989
238013
238220
238357
238365
238369
238430
238491
238496
238654
238657
238665
238708
238729
238807
238808
238836
23890
238939
238989
239036
239063
239067
239069
23912
239125
23916
2392
239211
239249
239320
239451
239461
239463
239486
239501
239502
239504
239536
239582
239637
239716
239725
239736
239740
239826
239847
239954
239992
240095
240218
24022
240238
24025
240416
240442
240484
240693
240860
240949
240998
241019
241053
241095
241105
241113
241200
24123
241235
241282
241283
241413
241485
241612
241624
241630
241646
241677
24169
241701
241707
241722
241838
241848
241853
241897
241954
242068
242071
242112
242226
242229
242336
24239
242504
242523
242546
242550
242551
242613
242626
242628
242686
242719
242766
242898
242933
243005
243096
243103
24328
243284
243402
243438
243454
243505
243558
243593
243595
243709
243758
243803
243839
243898
243985
244035
244192
244240
244404
244471
24448
244494
244523
244526
244530
244532
244533
244553
244578
24458
24462
244635
244648
244679
244754
244765
244836
244865
244909
244948
245030
245109
245138
245190
245205
245317
245319
24554
24556
24557
245585
245602
245639
245730
24580
245826
245958
245961
245966
245977
245990
246022
246031
246032
246114
246160
246173
24632
246337
246362
246371
246509
246581
246595
246655
246676
24669
246692
246707
246708
246761
246879
246912
246920
24694
24701
247042
247051
247072
247194
247239
247247
247263
247478
247514
247554
247771
247773
247776
247814
247838
247845
248013
248036
248053
248069
248105
248185
248191
248243
248267
248473
248483
248609
248716
248812
249025
249104
249126
249165
249214
249279
249355
249463
249599
249702
249760
249771
249773
24980
249808
249811
249827
249936
249941
250005
250011
250015
250018
250021
250046
250182
250185
250186
250240
2503
250351
250399
250423
250469
250579
250678
250725
250774
250892
250941
2511
251123
251189
251237
251263
251309
251359
251371
251441
251516
2517
251731
251787
251872
251888
251915
251941
251964
251991
252000
252021
252076
252125
252184
252416
2525
252501
252559
252569
252628
252738
252800
252872
252928
253000
25301
253126
253204
253222
253298
253308
253322
253586
253624
253676
253721
253776
253872
253895
254008
254100
254311
254345
254448
254505
254507
254528
254551
254623
254640
254714
254741
254829
254853
254939
255103
255159
255202
255303
255330
255355
25539
255527
255529
25558
2556
25566
255701
255722
255775
255781
255918
255943
255990
256011
256198
256238
256266
256350
256445
256469
256479
256513
256515
256580
256587
256627
256660
256705
256718
256722
25678
256869
256888
256928
25705
257317
257338
257413
257720
257745
257779
257956
258040
258109
258142
258181
25829
258340
258343
258382
258449
258534
258569
258658
258780
258784
258812
259116
259203
259228
25930
259337
259399
259466
25950
259515
259691
259746
259858
25988
25990
259903
259921
259996
260060
26015
260179
260220
260312
260329
260348
260549
260596
26060
260615
260630
260638
260685
260730
260745
260781
260824
26083
26087
260876
260883
260920
26093
260946
260990
261066
261193
261266
261287
2613
261341
261360
261397
261575
261682
261756
261771
261804
261886
261897
261938
262022
262023
262025
262028
262031
262114
26217
262203
262219
262286
262320
26233
262492
262513
262528
262529
262530
262535
262540
262565
262665
262686
262713
262758
262774
262777
262820
262847
262908
262922
262923
262995
263014
263035
263107
263151
263163
263164
263165
263166
263169
263211
263227
263268
263292
263372
263489
263493
263674
263728
263773
264024
2641
264317
264346
264361
264452
264468
264562
26459
264630
264636
264650
264686
264806
264885
264947
264966
265064
265066
26513
265210
265240
265247
265276
265293
265323
265339
265358
265606
265611
26564
26566
26567
265851
265863
26594
265976
26602
266209
266243
266274
266342
266425
266459
266568
26658
26661
26676
266796
266813
266891
266915
26713
26714
267237
267299
267320
267416
267466
267498
267520
267555
267559
267607
26762
267735
267768
267988
268004
268035
268119
268123
268300
268312
268517
268565
268569
268606
268686
268827
268845
268848
268866
268877
268915
268935
268964
268978
26901
269011
269070
269072
269112
269124
269138
269236
269256
269398
2694
269403
269429
269532
269544
269590
269637
269644
269696
269750
269766
269821
269906
269909
270034
270055
270094
270134
270174
270219
270233
270238
270293
270332
270541
270591
270592
270792
270850
270951
271001
271114
271203
271300
271485
271638
271643
271676
271753
271979
271996
272052
272062
272098
2721
272131
272379
272414
272427
272462
272470
272473
272501
272582
272735
272804
272828
272921
272971
272973
272992
272997
273064
273096
273113
273209
273232
273303
273314
273321
273419
273430
273441
273463
273513
273547
27365
273675
273685
273700
273739
273801
27384
273870
273989
274085
274146
274159
274196
27423
274265
274270
274280
274294
274298
274433
274440
274441
274517
274519
274521
274542
27468
274716
274819
274918
274946
274952
274961
274969
274975
275015
27504
275045
275061
275210
275222
275230
275232
275375
27545
275458
275479
275541
275566
275568
275571
275574
275648
275789
275861
275880
275950
276010
276029
276091
276154
276167
27620
276412
276443
276474
276495
276645
276688
276695
276724
276799
276909
2770
277036
277221
277283
277374
277519
277604
277713
277846
277890
277892
278
278186
278308
278335
278338
278354
278358
278360
278502
27853
278593
278618
278672
278766
278776
278864
278871
27890
27892
278920
278958
27896
279061
279185
279190
279216
279223
279287
279360
279372
279387
27941
279526
279547
279552
279582
27959
27964
27966
279708
279755
279761
279806
279830
279902
2801
280211
280255
280334
280410
280497
280502
280526
280574
280601
280689
280691
280696
280717
280767
281125
281259
281266
281286
281326
281386
281396
281478
28152
281568
281726
281753
281839
282086
282212
282318
282347
282366
282389
282391
282393
282410
282498
282543
282602
282607
282645
282665
282755
282787
282815
282855
282863
282923
282990
283003
283022
28304
283114
283137
283188
283197
283203
28328
283378
28346
283468
283515
283516
283610
283617
283630
283732
283793
283824
283842
283859
283868
283926
284087
284090
284136
284155
28416
284186
284295
284405
284423
284437
284448
284623
284695
284697
284699
284749
284774
284791
284821
2849
284926
284931
28496
284970
284992
285022
285067
285086
285123
28519
285246
285256
285273
28531
285310
285438
285513
285524
285549
28556
285611
285631
285633
285669
28570
285731
285736
285772
285798
285880
28591
28596
285967
285988
285990
286107
286151
286203
286286
286322
286350
286390
286421
286521
286571
286573
286624
286636
286679
286707
286893
286924
286958
286961
287016
287017
287062
28710
287140
287142
287196
28723
287249
287274
287319
287450
287458
287486
287495
287533
2876
287618
287651
287686
287774
287800
287808
287978
288004
288030
288072
288207
288236
288252
288281
288316
288321
288359
288488
28865
28873
288773
288778
28879
288816
288817
288831
288862
288871
288881
28895
288952
288975
289020
289022
28905
289084
289094
289126
28914
289195
289258
289263
289265
289285
289370
2894
289400
28941
289413
289417
289433
289496
289508
28957
28959
289611
289681
289685
289765
289766
289781
289850
289921
290031
290053
290088
29010
290148
290174
290301
290324
29036
290394
290530
290541
290573
290612
290613
290671
290723
290798
290865
290869
290897
290912
29093
29103
291115
291163
291289
29159
291619
2917
291810
291832
29195
292001
292038
29205
292085
292120
292127
292178
292183
292202
292251
292279
292331
292384
29246
292478
29260
292617
292677
292712
292732
292797
29281
292843
292982
293039
293044
293070
293074
293177
293214
293297
293336
293343
29335
293362
293389
293410
29345
293470
29348
2935
29354
293562
293587
293609
293647
293656
293659
293662
293701
293872
293921
293946
293948
293961
293968
294043
294063
294094
294112
294254
294372
294393
294495
294506
294552
294605
294717
294731
294760
294762
294780
294783
294925
294926
295064
295115
295130
295134
29516
295160
295177
295308
295435
295524
29564
295664
295752
29584
29586
295873
2959
295903
295911
296041
296111
296260
296327
296346
296406
296511
296533
296540
296579
296598
296623
296790
29680
296908
29702
297091
297160
297181
297268
297335
297412
297677
297812
297837
297896
297914
298005
298033
298089
298135
29820
298212
29826
298405
298418
298476
29849
298507
298519
298612
29866
298731
298734
298735
298738
298784
298838
298861
298877
298879
298950
298986
299012
299055
299089
299108
299114
29915
29929
299296
29932
29933
299422
299453
299522
299546
299566
299583
299640
299655
299705
299709
299766
299812
299825
299828
299842
299905
299952
300044
300085
300093
30018
300185
300365
300388
30039
300585
300598
300628
300708
300742
300747
300749
300785
300828
300868
300910
300926
30093
300953
300959
300968
301086
301093
301119
301181
301237
301328
30137
301487
301505
30155
301613
301684
301690
301823
301834
301853
302152
302168
302298
302328
302362
302416
302431
302445
302509
302622
302698
302756
302796
302808
302845
302969
303171
303218
30322
303290
303297
303306
303322
303329
303345
303361
303403
303420
303431
303442
303521
303541
303549
303562
303647
303673
303698
303749
303758
303834
303846
303927
304250
304476
304478
304504
304553
304562
304629
304631
304639
304646
304727
304770
304830
304846
304914
304965
305014
305022
305037
305042
305053
30510
30515
305365
305527
305536
305601
30565
305721
305768
305809
30582
305967
30600
306262
306263
30627
30644
306456
306504
306531
306740
306761
30679
306814
30688
3069
306986
307002
30704
307057
307273
307276
307290
307372
307426
30750
30775
307781
308296
308374
30849
3085
308531
308545
308617
308654
308709
308746
308766
308767
308768
308769
308918
308944
309044
309070
309081
30922
309230
309474
309494
309518
309574
30962
309623
309625
309660
309704
309717
309758
3098
309857
309868
309941
310063
310111
310133
31014
310160
310196
31020
310207
310236
310314
310366
31054
310578
31061
310642
310645
310803
310851
310859
310874
310994
311001
311002
311003
311029
311035
311064
311109
311140
311154
311164
311205
311238
311307
311354
3114
311410
311431
31146
311490
31150
31152
311567
311629
311631
311683
311724
31173
311830
311842
311929
31195
311956
312007
312046
312064
312162
312163
312177
312209
3123
312313
312334
312369
312399
312428
312429
312454
312464
312483
312506
312520
312585
31264
312657
312658
312660
312722
312794
312811
312849
313006
31305
313050
31306
313078
313113
313182
313191
313355
313436
313438
313445
313447
313448
313452
313628
313661
313823
313922
313954
314150
314239
314370
314412
314443
314450
31455
314700
314745
31477
314791
314903
314957
315058
315174
315279
315316
315381
315408
315424
315432
315436
315446
315518
315562
315631
315660
315835
315852
315898
31591
315910
315965
315995
316053
316076
316081
316084
316153
316167
316238
316240
316259
316269
316307
316312
316345
316403
316428
316430
316471
316486
316504
316508
316513
316610
316666
316680
316720
316782
316824
316846
316850
316855
317034
317062
317090
317098
317146
317160
317169
317208
317290
317337
317366
317367
317370
317384
317602
317640
317717
317767
317910
317941
317976
317988
318012
318042
318079
318090
318094
318129
318193
318229
31823
318299
318313
318344
31838
318580
318724
318870
31894
31895
318953
318984
319133
31915
319198
319325
31935
319367
319392
319406
319423
319430
319433
31949
319526
319527
319737
31980
319839
319970
32015
320163
320166
320204
320295
320332
320334
320365
320438
320460
320470
320519
320580
320612
320622
320672
320702
32082
320826
320985
3210
321070
32109
32115
321153
321245
321320
321472
321512
321619
321713
321740
321783
321841
321860
321867
321908
321929
321951
322048
322051
322139
322302
322370
322390
322480
322484
322560
322563
322564
322613
322648
322660
322739
322781
32290
323227
323354
323358
323498
323531
323532
323534
323571
3236
323614
323618
323657
323826
323988
323993
324000
324084
324103
324170
324224
324231
324252
32428
324311
324314
324450
32446
324474
324488
32451
324553
324597
324599
324623
324665
324785
324908
324952
32499
325027
325045
325048
325052
325058
325088
325123
325240
325289
32531
325416
325421
325434
325454
325480
325491
325596
325643
325697
325701
326014
32602
326093
326114
326211
326307
32631
326382
326460
326525
326539
326548
326713
326739
326740
326801
326849
32686
326874
326932
326935
326947
326988
326990
327059
327094
327145
327211
327234
327251
327382
327390
327497
32753
327599
327664
327667
32781
327890
327963
327997
327998
328021
328028
328054
328123
328155
328245
328417
328419
328420
328430
328447
328483
328494
328525
328528
328644
328671
328728
32892
328962
329061
329071
329143
329234
329263
329327
329351
329387
329392
329439
329483
329508
32953
329617
329653
329732
329881
329897
330044
330153
330175
330203
330244
330260
330293
330294
330314
330371
330397
330428
330506
33054
330542
330626
330655
330712
33081
330850
330924
330976
331020
331025
331028
331090
331095
33116
331170
331200
331220
331221
331222
33138
331516
331526
331579
331590
331600
331603
331605
331618
331646
331706
331731
331740
331741
331743
331787
331860
331903
33191
331930
332103
332133
332188
332256
332264
332312
332313
332316
332453
332482
332498
332530
332652
332673
332684
332739
332827
332834
332863
332872
33301
333031
333040
33310
333279
333303
333346
333442
333450
333494
333585
333697
333710
33373
33374
333743
333749
333763
333889
334036
334058
334061
334107
334170
334199
334329
334450
334490
334574
334579
334633
334721
334722
334757
334788
334830
334840
334845
334846
334881
334903
334960
334969
334990
334991
335007
335028
335040
335113
335121
335132
335149
335156
335193
335238
335278
33528
335295
335299
335314
335413
335452
335458
33563
335655
335744
335767
335776
335798
335799
335852
335880
335958
335966
335987
335993
33603
336038
336059
336115
336130
336162
336176
336180
336197
336198
336267
336383
336385
336391
336426
336439
336486
336521
336577
336579
336593
336618
336715
336727
336745
336770
336905
336994
337044
337062
337084
337092
33710
337102
337195
337201
3373
337386
33741
337448
3375
337558
337561
337585
337592
337603
337623
337625
33771
33775
337822
337833
337884
337917
337936
337940
337976
337981
338000
338053
338137
338212
338217
338280
338396
338475
33850
338508
338509
338513
338515
338539
338570
338580
338690
338819
338865
338869
338877
338888
338919
33895
338994
339002
339010
339151
339154
339172
339180
339225
339242
339289
339336
339339
339438
339441
339504
339508
33957
339577
33959
339744
339755
339803
339819
339854
339961
339968
339985
340053
340064
34011
340164
340171
340186
340331
340335
340358
340390
340397
340403
340409
340504
340505
340511
340532
34069
340706
340717
340718
340791
340855
340933
340946
340967
341051
341070
34108
341087
341120
341185
341228
341236
341356
341397
341428
341575
341644
341763
341777
341825
341838
341839
341906
341923
341967
341978
342020
34204
342042
342105
342258
342259
342272
342293
342299
342317
342327
342410
342426
3425
342541
342582
342614
34262
342640
342724
342774
342871
342902
342953
342981
342984
343017
343071
343097
343145
343188
343259
34344
343491
343565
343630
343646
343725
343737
343743
34379
343798
343803
343813
343957
343976
343987
344070
344078
344141
344202
344204
344206
344212
344307
344376
344437
344472
344474
344497
344511
344512
344561
344610
344634
344635
34464
344648
344715
34477
344812
344925
34496
344974
345010
345032
345092
345133
345142
345173
345246
345253
34532
345411
345433
345468
345483
345528
3456
345624
345638
345744
345746
345790
345903
34594
345974
3460
346114
346229
346293
346319
346322
346343
34635
346359
346397
3464
346403
346420
346425
346440
346464
346469
346486
346525
346526
346528
346529
346617
346686
346810
346881
347191
347257
347287
347332
347443
347653
347667
347707
347739
347814
347815
347858
347908
34799
347999
34802
348115
348122
34813
348165
348167
348197
348218
348300
348315
348335
348376
34844
348448
348522
348574
348631
348642
348709
34871
348754
348763
348821
348874
348925
348996
349
349175
349236
349244
349247
349314
349450
349469
349477
349561
349664
349738
349757
349850
349893
349932
350004
350075
350190
350200
350246
350260
350351
350356
350365
350390
350442
350452
350514
350642
35067
350684
350694
35072
35074
350763
350839
350856
350932
350956
35096
351088
351105
351254
351353
351364
351508
351520
351601
351614
351650
351661
351673
351676
351760
351784
351881
351983
352079
352091
35213
352153
352176
352183
352208
352232
352260
352323
35237
35242
352500
352545
352552
352553
352674
352680
352696
352756
352793
352856
352910
352955
353015
35308
353132
353156
353214
353224
353228
353233
353245
353272
353273
353275
353324
353333
353346
353355
353399
353444
353462
353501
353526
353578
353622
353624
353635
353654
353748
353763
353767
353768
353824
353933
354072
354088
354094
354098
354193
354313
354326
354406
354442
354458
35446
354519
35455
354565
354618
354668
35470
354783
354879
35504
355078
355197
3552
355231
355273
355280
355291
355396
355427
355461
355487
355554
355619
355648
355676
355712
355756
355806
35590
355931
356027
356109
356140
35615
356159
356182
356240
356263
356269
356294
356320
35633
356330
356349
356399
35642
356426
356428
356429
356430
356431
356435
356447
356449
356500
35651
356553
356740
356893
356980
357034
357139
357172
357203
357226
35725
357272
357301
357406
357585
357619
357623
357653
357700
357741
357744
357757
357761
357762
357811
357878
357917
358002
358004
358006
358034
358037
358052
358107
358132
35815
358285
358286
358351
358440
358490
358551
358579
358591
35867
358700
358797
358944
359086
359267
359340
359357
359417
359435
359456
359466
359487
359500
359616
359702
359726
359862
359987
360107
360141
360161
360181
360195
360223
360239
360260
360293
360314
360344
360517
360544
36062
360803
360825
360852
360913
360916
360949
361091
361112
361150
361208
361322
361358
361395
361420
36150
361524
361541
361613
361619
361626
361696
361698
361731
361837
362026
36205
362086
362096
362146
362149
362176
362196
362384
36240
362442
362545
362571
362720
362762
362817
362851
362902
362905
362908
362909
362923
363
363039
363079
363229
363232
363273
363352
363412
363489
363574
363578
363689
363712
363769
363813
363864
363913
363926
363928
364015
364114
364115
364200
364241
364271
364314
364315
364316
364317
364319
364353
364433
364489
364530
364575
364623
364634
364647
364650
364703
364737
364760
364774
364779
364790
364805
364856
365061
365064
365096
36516
365166
36521
365285
365309
365332
365354
365437
365445
365448
365574
365606
365635
365781
365793
36581
365863
365867
365870
365890
365944
365982
366
366131
366211
366253
366254
366255
36628
366337
36638
366418
366425
366509
366556
366590
366593
366629
366654
366691
366700
366715
366722
366724
366775
36678
366824
36684
366943
3670
367022
367031
367117
367118
367144
367155
367182
367257
367283
367285
367295
367309
36734
367439
367483
367642
367669
367698
367717
367797
367843
3679
36793
367931
368036
368140
368176
368180
368196
368269
368291
368364
368371
368505
368586
368609
368619
368669
368673
3687
368708
368724
368759
368792
368855
368907
368934
368947
368988
368990
368992
369000
369002
369065
369105
369143
369190
369293
369336
369409
369455
36956
369567
369575
369720
369723
369741
370011
370049
370146
370178
370416
370607
370632
370763
370973
370979
371029
371052
371227
371279
371295
37145
371490
371495
371573
371692
371821
371824
371827
371863
371886
371910
371949
371964
372052
37216
372164
372221
372232
372301
372359
372374
372395
372431
372442
372489
372557
372562
37268
372706
372836
372872
372891
372898
372935
372995
373067
37312
37316
373165
373188
373202
373268
373276
373310
373380
373401
373450
373465
373473
373528
373568
373691
373693
373724
373727
373756
373778
373799
373837
37384
373858
373941
373951
373969
374095
374105
374113
374147
374161
374164
374193
374480
374633
37470
374744
37475
374773
374862
374874
375097
375133
375164
375204
375255
375274
375289
375325
375352
375365
375374
375470
375530
375548
37555
375554
375557
375612
375710
376053
376224
376244
376306
376450
376451
376453
376494
376511
376515
37664
376640
376663
376665
376672
37672
376722
376757
376771
376846
376880
376886
376908
376975
377006
377022
377039
377041
377116
377165
377255
377346
377538
377548
37761
377661
377696
377757
377884
377920
377921
378025
378063
378207
378214
378276
37829
378414
378463
378470
37848
378519
378525
378674
37883
378831
378854
37888
378932
378983
379064
379102
37922
379349
379374
379472
379495
379535
379559
379571
379579
379596
379695
379719
379745
379748
379766
379874
379960
379961
380019
380082
38009
380217
380243
380326
380338
38037
380405
380434
380604
380727
380734
38076
380765
380882
380892
380999
381137
381138
381317
381352
381447
381506
381599
381610
381615
38162
381652
381653
381657
381698
381700
381701
381719
381732
381792
381820
381894
381994
382035
382042
382057
382058
382137
382265
382295
382320
382389
382445
382482
382571
382607
38265
382714
382755
382799
382801
382881
382934
383223
383234
383249
38325
383250
383290
383399
383468
383515
383645
383679
383708
383731
383743
383820
383968
384103
384181
384193
384210
384227
384330
38435
384358
38444
384492
384513
384553
38463
384672
384707
38480
38504
385177
385265
385314
385347
385399
385426
385427
385436
385459
385486
385494
385496
385730
385739
38581
385890
386060
386077
386218
386234
386267
386269
386341
386343
386371
386403
386424
386453
386562
386623
386664
386683
386697
38671
38673
386738
386834
386841
387065
387080
387090
387236
387406
387411
387434
387584
387637
387661
387663
387683
387705
387782
387809
38783
387833
387856
387878
387913
387928
387941
387968
387987
388131
388132
388133
388134
388255
388282
3883
388324
38836
388591
38863
388653
388654
38867
388702
388736
388751
388855
388892
38893
388934
388977
389009
389114
389190
38926
389290
389343
389396
389413
38942
389529
389547
389644
38970
389712
389835
389871
389895
389999
390081
390104
390108
390137
390146
390184
390209
390225
39024
390335
390340
390526
390656
390746
390836
391006
391145
391238
391256
391269
391296
391377
391388
391404
391504
391524
391609
391697
391732
391883
391957
391981
392090
392143
392146
392150
392187
392206
392270
392306
392318
392391
392423
392437
392463
392498
392538
392651
392657
392661
392824
392857
392875
392902
392919
393022
393031
393071
393076
393087
393304
393326
393490
393519
393535
393538
393554
393559
393637
393657
39366
393666
393680
393765
393892
394010
394023
394067
394106
394142
394175
394247
394274
394281
394286
394287
394297
394334
394449
394466
394515
394523
394557
394570
394597
394703
394812
394849
394851
394853
394866
394886
394915
394975
395041
395079
395097
395197
395198
395199
395207
395215
395217
395260
395288
3954
395427
395464
395500
395547
395566
395622
395623
395631
395795
395816
395878
395887
396297
396413
396419
396422
396430
396502
396542
396551
396595
396677
396693
396697
396741
396743
396772
396806
39681
396870
396905
396912
396952
396966
396980
396983
397001
397072
397137
397143
397189
397202
397512
397560
397590
397643
397652
397673
397693
397737
397738
397745
397772
397878
397977
398148
398163
398166
398182
398286
398287
398324
398328
39840
398443
398453
398509
398527
398638
398645
398742
398838
398891
398893
398934
398993
399038
399040
399100
399318
399339
399426
399461
399523
399560
399572
399629
399669
399672
399682
399687
399744
399829
399876
399966
399968
4
400024
40008
40009
400141
400151
400164
400169
400218
400235
400307
400343
40035
400436
400446
400510
400604
400798
400813
400823
400924
401020
40104
40110
401127
401159
401165
401170
401172
401173
401230
401298
401449
401485
40152
401533
401574
401615
401654
401686
401756
401870
40204
402042
402117
402327
402328
402379
402463
402485
40257
402571
402636
402646
402779
402784
402866
402905
402937
403034
403121
403157
403163
403179
403212
403329
403336
403820
403840
40389
403958
40396
403965
404010
404155
404185
404231
404306
404319
40443
404446
404474
404481
404494
404545
404585
404613
404725
404851
404936
404948
404955
405013
405178
405248
405305
405403
405565
405594
405631
405679
405684
405757
405822
405832
405849
405851
405904
405911
405926
405928
405948
405971
405980
406077
406080
406110
4062
406220
406338
406340
406380
406398
406413
40656
406611
406622
406785
4068
406805
406835
406836
406858
406877
406903
406965
407032
407037
407071
407102
407103
407147
407156
407219
407366
407374
407389
407401
407436
407499
407566
407628
407638
407647
407773
407840
407868
407872
407908
407994
408029
408108
408158
408215
408235
408283
408372
408401
408434
408435
4085
408596
408658
408753
408758
408890
408908
408944
409083
409089
409123
409148
4092
409202
409204
40932
40935
409386
409409
409415
409427
409524
409526
409527
409529
409534
409535
409536
409540
409740
409766
409773
409840
409882
409903
409927
409945
409978
409979
410079
41015
410156
4102
410209
410235
410289
410401
41045
410489
410532
41056
410573
410583
410601
410603
410605
410632
410691
41073
410732
410747
410803
410870
410887
4109
410900
410927
410930
410943
411
411004
411027
411034
41105
411066
411093
411120
411171
411292
411305
411328
411330
411334
411500
41151
411753
411757
411766
411849
41185
41190
411938
412081
412100
412102
412103
412127
412241
412272
412282
4123
412310
412316
41233
41246
412465
412528
41256
412581
41270
412703
412738
412901
412931
412947
413041
413048
413062
413084
413141
413213
413249
413257
413287
413326
41336
413416
413419
413457
413461
413492
413495
413498
413584
413664
413700
413751
41377
413860
413965
414
414010
414032
414043
414140
414227
414228
414237
414323
414330
414430
414581
414633
414636
414657
414719
414973
415141
41520
415235
415354
415432
415440
415466
415539
415565
415652
415656
415698
415737
415746
415787
415818
415922
415955
416134
416226
416272
416314
416357
416374
416387
416394
416429
416667
416747
416793
416846
416895
41697
416985
416994
41702
417079
417198
417201
417203
417210
417223
417272
417412
417413
41743
417575
417645
417972
418046
418053
418139
418333
418374
418406
418481
418493
418510
418514
418521
418557
418635
418746
418808
418818
41885
419011
419123
419160
419169
419212
419250
419253
419254
419262
419305
419374
419377
419413
419480
419483
419621
419643
419721
419909
419978
420118
420183
420228
42023
420358
420379
420387
42039
420407
420455
42046
420467
420499
420502
420513
420580
420629
42080
420862
420886
420951
421174
421220
421254
421255
421279
42128
421283
421408
421426
421427
421463
42155
421557
4216
421675
421692
421693
421694
421705
421706
421754
42176
421796
421837
421843
421853
421854
421856
421873
421881
421935
421963
422
422027
422043
422051
422104
42216
422178
422195
42223
422289
422374
422433
422447
422473
422567
422634
422678
422696
422700
422756
422812
42283
422838
42284
422914
422973
422982
422988
423025
423092
423097
423171
423180
423198
423205
423281
423306
423318
423341
423405
423522
423566
423615
423649
423664
423673
423859
423896
423981
424078
424093
424145
42420
424230
424320
424386
424392
424491
424559
424569
424623
424628
424637
424654
424680
42473
424741
424750
424802
42482
424839
424858
424871
425116
425125
425157
425169
425198
425450
425466
425504
425507
425538
425543
425574
425578
425584
42560
425656
425745
425786
425891
425892
425893
425999
426017
426065
426115
426139
4262
426263
426267
426269
426287
426387
426432
426513
426567
426714
426724
426835
426850
426918
426952
426994
427050
42712
42714
42732
427388
427438
427444
427507
427650
427654
42769
427829
427876
427927
427997
428005
428012
428038
42805
428059
428062
428101
428164
428268
42828
428381
428448
428546
428574
428580
428582
42868
428737
428784
428785
428792
428859
428867
42888
428880
428900
428993
429007
42904
429065
429163
42921
429215
429236
429334
429358
429428
429580
429668
429715
429766
42977
429802
429812
429844
429855
429927
430126
430146
430272
430314
430324
430353
430354
430427
430475
430505
430559
430590
43061
430615
430704
430736
430740
430746
430767
430858
430891
430923
430938
430982
431000
431108
431132
431150
431169
431210
431231
431313
431343
431347
431350
43137
431428
431507
431508
431548
431741
431773
431823
431927
431943
431971
432062
432128
432165
432213
432229
432282
432293
432330
432383
432389
432414
432419
432420
432505
432551
432610
432649
432714
4328
432850
43288
432891
432920
433045
433116
433199
433349
433392
433420
433594
433612
433697
433704
433711
433810
433843
433880
433881
433912
433945
434
434044
434083
434086
434104
434163
434190
434278
434288
434433
434436
434493
434495
434497
434525
434737
434739
434764
434815
434865
43495
435179
435192
435207
435234
435244
435249
435284
435303
435347
435398
435544
435552
435607
435655
435660
435700
435715
435716
43572
435749
435762
435800
435969
436007
43606
436116
436121
436129
436141
436165
436167
436170
436171
436194
436218
436219
436233
436264
436280
436314
436325
436427
4365
436536
43658
436828
436830
436832
436871
436873
436924
436941
436949
436957
437003
437004
437009
437010
437107
437177
437216
437244
437263
437291
437349
437352
437385
437448
437499
437545
437578
437613
437618
437722
437733
437741
437872
437905
438083
438144
438183
438202
438364
438432
438438
438455
438664
438672
438736
43881
438850
438866
438922
438945
4390
439133
439139
439277
43938
439577
439593
43967
439717
439731
439736
439778
439845
439883
439939
439992
439998
440074
440086
440259
440277
440397
440411
440416
440423
440425
440458
440525
440539
440566
440606
440718
440745
440798
440817
440889
440989
440992
441002
441053
441099
441237
441252
441254
441268
441286
441613
441658
441667
441755
441855
441859
441871
441874
441912
442004
442010
442046
442152
442207
442226
442252
442313
442368
442379
442446
442541
442550
442607
442612
442631
442646
442759
442764
442766
44277
442789
442796
443042
44312
44315
443155
443412
443467
443484
443522
443571
443731
443740
443776
443826
443972
443987
444034
444210
444215
44426
444299
444336
444520
444527
444646
444709
444750
444762
444804
444825
444834
444875
444942
444965
444979
444995
44502
445065
445087
445147
445171
445218
445249
445251
445264
445362
445441
445445
445494
445499
445520
445524
445673
445685
445736
44578
445812
445930
445938
445998
446008
446010
446011
44613
446156
446298
446311
446385
446391
446392
446414
446572
446578
446646
446662
446665
446669
446676
446679
446726
446733
446806
446984
446990
446997
447126
447224
447229
447268
447338
447387
447603
447683
44770
44778
447790
447929
447954
447988
44801
448031
448053
44808
448106
448156
448166
448214
448241
44825
448284
448373
448379
4484
448427
448439
448444
448464
448472
448478
448479
448484
448512
448537
448590
448617
448629
448649
448660
448673
448700
448789
448930
449042
44908
449093
449101
449137
449317
449388
44945
449645
449703
449979
449985
450013
450023
450061
450071
450091
450124
450130
450131
450136
450180
450182
450237
45028
450282
450297
450336
450365
450405
450407
450417
450533
450625
450744
450768
450849
450893
45101
451013
451022
45104
451122
451174
451248
451280
451312
451346
451370
451405
451406
451488
451489
45156
45157
451671
451875
451931
451947
451990
452077
452083
452195
452208
452209
452235
452260
452292
452315
452316
452357
452412
45243
452472
45252
452553
452567
452619
452729
452766
452788
452842
45287
452941
453018
453071
453129
453191
453193
453272
453326
453395
453405
453411
453446
453454
453457
453462
453478
453575
453584
45362
453635
45393
453943
453952
454021
454064
454097
454152
454171
454182
454223
454314
454413
454437
454489
454625
455003
455005
455008
45501
455035
455142
455248
455392
455432
455453
455457
45548
45561
455693
455700
455814
455869
455986
45600
456156
456160
456223
456247
45625
456290
456294
456369
456402
456487
456488
456517
456543
456555
456621
456628
456689
456740
456757
456795
456977
457072
457085
457110
457111
457203
457208
457222
457275
457335
457372
457476
457642
457646
457678
45769
457714
457731
457735
457766
457840
457915
458040
458054
458085
458137
458185
458242
458245
458331
458333
458352
458402
45847
458489
458567
458612
45879
458934
459043
459124
459127
45922
459223
459353
459575
459582
459589
459609
459621
459728
459849
459852
459853
459875
459882
460073
460214
460517
460518
460624
460644
460687
460870
460939
460955
461015
461185
461219
461234
461258
461279
461482
461663
461665
461666
461680
46170
461804
461889
46192
46196
461964
461995
462012
462023
462036
462039
462049
462064
462094
462111
462145
462180
462181
462186
46220
462210
462227
462233
462250
462256
462308
462344
462345
462347
4624
462464
462465
462501
462537
462565
462653
462683
462789
46279
462883
462944
462984
46300
463048
463063
463165
463294
463325
463360
463375
463377
463382
463386
463403
463472
463477
463487
463507
463515
463576
46365
463662
46370
463706
463724
463745
463766
463803
463809
46382
463827
463844
463938
463961
463968
464000
464020
464086
464133
464143
464161
464182
464218
464252
464340
464378
464459
4645
464555
464568
464571
464666
464708
464720
464744
464863
464872
464888
464899
464920
465054
46508
46510
465116
46515
465168
465191
465201
465275
465277
465309
465335
465521
465583
465629
465692
465750
465766
465934
465985
465991
466104
466129
466141
466190
466235
466283
466308
466352
46638
46639
466473
466532
466569
466634
466662
466713
466850
46696
466969
467018
46703
467080
46711
467177
467195
467217
467252
46728
467308
467394
467413
467419
46750
467567
467578
467601
467636
467673
467688
467710
46774
467909
467926
468003
468033
468048
468065
468067
468085
468090
468139
468184
468203
468205
468231
468253
468293
468369
468467
468511
468596
468680
468716
468775
468879
468943
469062
469283
469316
469419
469463
469573
469642
469656
469658
469721
469736
469739
46977
469797
469808
469885
470004
47006
470113
47014
470171
470197
470325
470382
470404
47053
470571
470620
470625
470671
47075
470767
470788
470794
470866
470876
470886
470929
470946
47098
471038
471071
471148
47117
471226
471242
471280
471341
471342
471355
471356
471370
471373
471374
471375
471377
471380
471388
471456
47156
471563
471616
471730
471737
471740
471818
471834
471941
472011
472037
472121
472190
472228
472231
472275
472380
472417
472423
472600
472622
472626
472716
47276
472806
472911
472922
472959
473001
473115
473116
473120
473216
473302
473351
473398
473456
47347
473502
473657
473660
473668
473674
473690
47375
473769
473812
473895
47395
473965
474021
474028
47403
474241
474308
474377
474381
474410
47444
474443
474496
474564
474594
474613
474655
474691
474757
474764
474870
474908
474918
474939
47494
474942
474945
474946
474959
47498
475011
475012
475035
475084
475168
475223
475234
475281
475333
475476
475542
475581
475607
475666
475716
475905
475951
475986
476054
476092
476153
476156
476189
476208
476278
476367
476415
476448
476488
476489
47657
476575
476590
476644
476657
47669
47682
476839
476911
476921
476929
47694
477039
47706
477136
477155
477160
477190
477206
477237
477281
477298
47744
477450
47750
477532
477570
477575
477597
477606
47768
477860
477933
47797
477993
478037
478089
478314
478316
478344
478362
478382
478422
478539
478547
47863
478676
478692
478705
478744
478760
478810
478862
478888
478910
479118
47912
479163
47917
479184
479189
479281
47930
479301
479346
47947
479488
479546
479594
47961
479676
479816
47989
479901
479941
479970
480132
480259
480264
480282
480343
480472
480482
480500
480585
480598
480790
480841
48086
48099
481062
481208
481279
481287
48131
481319
481511
481574
481587
48189
481907
481910
481973
482044
482079
482085
482090
482125
482155
482169
482225
482249
482370
482419
48244
482450
482474
482499
4825
482518
482589
482603
482622
482725
482834
482876
482929
482986
482990
483004
483016
483048
483076
483247
483307
483331
483333
48340
483438
483698
483719
48386
48394
483965
484008
484041
484070
484094
484103
48413
484171
484280
484282
484283
484303
484324
484357
484369
484428
484442
484443
484517
484545
484561
484566
484570
484610
484636
48464
484708
484750
485042
485080
485227
485231
485258
485307
485312
485348
485361
485383
485474
485488
48549
485510
485641
485768
485778
486011
486082
486116
486120
486160
486164
486207
486260
48627
486317
486322
486437
486464
486552
486636
486799
486865
486876
486931
486979
487020
487028
487055
487083
48712
487125
487135
48716
48718
487194
48720
48721
487323
487395
487438
487499
487582
487583
487657
487879
487945
487957
488004
488010
488040
488055
488085
488132
488254
488284
488316
488489
488536
488583
488705
488806
488842
488903
488909
488943
4891
489111
489148
489152
489224
489348
489518
489538
489658
489673
48968
489744
489767
489771
489774
489905
489949
490032
490092
490100
490172
490193
490196
490239
490282
490295
490349
490377
490395
490424
490490
490580
49061
490624
490635
490791
49082
490853
490861
490905
490941
490958
49098
490984
491069
491073
491342
491365
491421
491470
491479
49148
49151
491661
491667
491737
491828
491949
491995
492018
492112
492137
492227
492247
49230
492497
492500
49254
49255
492552
492634
492665
492742
492754
492792
492944
492981
493034
493122
49314
493142
493148
49330
493324
493355
49336
49344
493461
493495
493507
493553
493626
493703
493912
493941
493950
494029
494030
494077
49424
494252
494258
494409
494440
494444
494449
494459
494471
494565
494644
494652
494807
49502
495028
49504
495066
495135
495172
495189
495203
49521
495215
49529
495392
495397
495476
495490
495526
495573
495786
495814
495822
495823
495824
495825
495829
495858
495881
495940
496038
496047
49608
496127
496149
496219
496276
496279
496284
496357
49638
496411
496449
496488
4965
496530
496571
496578
496657
496686
496699
496722
496793
496805
49681
49682
496834
496855
496857
496930
49695
496990
497000
497007
49701
49712
497146
497155
49737
497415
497430
49744
497490
497564
497568
497585
497701
497706
497796
497820
497867
497868
497899
498058
498193
49820
498265
498286
498315
498325
498346
498363
498378
498387
498400
498491
498562
498635
498667
498679
498708
498730
498843
498869
498882
498928
498957
499031
499045
499056
499196
499218
499264
49952
499637
499727
499772
4998
499824
499869
49996
500036
500105
500110
500282
500404
500420
500473
500504
500534
500578
500603
500652
50066
500747
500803
50083
500843
500904
500905
501075
501100
501167
501176
501192
501384
501452
50147
501512
501518
501529
501544
501557
50157
501634
501646
50167
501768
501773
501788
501820
501882
501901
501909
502010
502037
502040
502084
502099
502143
502147
502236
50229
502349
502353
502359
502394
502398
502452
502459
50246
502495
502540
502614
502726
502756
502786
502827
502966
502972
50303
503036
503069
503142
503168
503238
503250
503445
503505
503551
503578
503628
503639
503684
503858
50387
504003
50406
504082
504121
504163
504212
504221
504235
504241
504361
504412
50459
504608
504629
504753
504784
504887
504946
504979
505105
505136
505148
505163
505175
505190
505203
505209
505254
505282
505305
505411
505482
505531
505586
505613
505616
505654
505734
50574
505755
505800
505880
505914
505924
505980
506006
506211
506249
506413
506446
50647
50651
506531
506541
506571
506589
506776
506788
506952
506982
507149
507155
507158
507160
507166
507214
507317
507327
50733
507385
50739
507403
507431
507451
507509
507575
507731
507736
507737
50774
507743
507750
507752
507789
507862
507959
508006
508080
508129
508151
508174
508485
508515
50856
508669
508745
508809
508820
508858
508971
509043
509142
509145
509194
509251
509314
509348
509466
509475
50948
509500
509537
509570
509571
509594
509639
509640
509734
509798
509802
509896
509963
509969
510004
510005
510013
510016
510102
510212
510271
510314
510389
510393
510433
510439
510441
510762
510772
510869
510977
51103
511052
511063
51113
51116
511278
511367
51142
51145
511464
511516
51157
511619
51162
511685
511689
511691
511792
511816
511844
511862
512100
512110
512204
512234
512302
512373
51246
512492
512502
512545
512599
512678
512703
512853
512878
512927
512945
513011
513071
513119
513131
513188
513201
513208
513239
513460
513461
513547
513572
513578
513582
513604
513654
51369
51371
513756
513774
513780
5138
51382
513830
513847
513863
513947
513982
51400
514134
514143
514188
514230
514322
514442
514553
51467
514817
514837
514902
514917
51493
514958
514967
515033
515051
515064
515083
515102
51511
515124
515129
515235
515304
515316
515331
515453
515489
515625
515659
515761
515854
51601
51603
516030
516044
51607
51609
51611
516116
51613
51614
51615
51617
516184
51619
51621
516215
51625
516259
516291
516340
516345
516378
516499
516510
516511
516523
516830
516831
516834
516988
517035
517043
517108
517124
517136
517168
51718
517201
517224
517270
517285
517291
517338
517372
517399
517445
517606
517668
517705
517791
517813
517835
517847
517850
517859
517861
517875
517958
517962
517963
517993
518003
518044
518049
518053
518137
518156
518217
518269
518284
518306
518323
518347
518426
518502
518522
518553
518554
518555
518556
518626
518638
518689
518716
518739
518802
518807
518809
518817
518925
518930
518931
518997
51902
519051
519067
519117
519126
519200
519227
519237
51926
519265
519269
519348
519367
519385
519498
519607
519686
519747
519796
51981
519887
519897
519914
519994
519997
520004
520005
520037
520107
520119
520122
520135
520150
520151
520163
520171
520180
520268
520291
520327
520346
520360
520380
520403
520413
520439
520455
520468
520489
520539
520546
520574
520608
52064
520641
520666
520700
520715
520733
520755
520774
520870
520891
520897
52092
521
521054
521061
521099
521114
521116
521157
521201
521360
521365
521391
521447
521499
521506
521520
521532
52159
521598
521609
521649
521655
521750
52177
521792
521815
521970
52199
522092
52213
522171
522191
522201
522205
522287
5223
522328
522339
52236
522414
522428
522539
522544
522553
522555
522601
522664
522668
522748
522750
522777
522858
522869
522910
522915
522928
522957
522984
523046
523055
523107
523128
523226
523261
523362
523392
523449
523549
523611
523617
523676
523802
523811
523952
523953
524009
524027
524028
524036
524067
524098
524110
524126
52414
524208
52427
524274
5243
524313
524325
524331
524353
524359
524663
524668
524713
524962
524965
524986
525025
525081
52511
525165
525180
525304
525344
525454
525488
525489
525490
525557
525734
52577
52588
52589
525995
526119
526129
526185
526214
526306
526347
526356
526381
526388
526436
526467
526469
526511
526560
526575
526636
526687
526696
526724
526727
526750
526764
526783
526811
526816
52693
526954
527073
527109
527121
527275
527465
527558
527561
527570
527637
527642
527653
527734
527759
527812
52785
52787
527883
527894
527901
527914
527915
527948
528101
528146
528254
528305
528331
528346
528398
528406
528417
528442
528451
528463
52850
52859
528646
528782
528802
528829
528852
528904
528956
528972
528984
529047
529054
529090
529126
529227
529242
529251
529376
52939
529422
529434
52944
529444
529454
529460
529516
529577
529587
529612
529617
529629
529657
529701
529748
529784
529818
529871
529907
529947
529963
530043
530108
53014
530151
530164
530182
530205
530207
530227
53023
530238
530340
530354
530421
53049
530490
53054
530563
530571
530594
530596
530606
530618
530647
530666
53069
530702
530707
530719
53080
530841
530854
530864
530882
530910
530943
530971
530974
531024
531036
531144
531166
53117
531176
531212
531223
531263
531309
531405
531440
531441
531451
531490
531519
531521
531527
531532
531578
531640
531694
531753
531771
531783
531790
531792
531801
531909
532003
532011
532208
532242
532258
532279
532301
532348
532365
532383
532451
532459
532481
532594
532597
532788
532864
532895
532925
53293
533033
533157
533220
533255
533262
533302
53331
533323
533394
533455
53349
533547
533555
533680
533777
533788
533797
533819
533826
533897
533900
533917
533929
533948
533977
533982
534007
534133
53416
534198
534435
534454
534457
534469
534520
534597
5346
534623
534712
534744
534791
53482
534825
534904
534919
534920
535087
535124
535138
535215
535228
53528
535349
535350
535399
535408
53541
535420
535468
535490
535531
535666
535668
535681
535702
53577
535818
535853
535855
535859
535871
535920
535943
53596
535978
536067
536093
536215
536250
536254
536260
536290
53638
536415
536428
536482
536483
536535
53654
536575
53681
536903
536938
53698
537001
53701
537035
537076
537116
537229
537270
537346
537376
537458
537472
537524
537561
537574
537580
537610
537626
537684
537703
537726
537816
537827
537837
537844
537905
537922
537966
538078
538129
538158
538160
538265
538270
538298
53833
538396
5384
538450
538465
538471
538533
538597
538606
538610
538642
538656
538805
538821
538851
538880
538888
538948
538964
538991
539013
539078
539128
539198
539213
539229
539292
53936
539542
53958
539584
539633
539640
539656
539662
539677
539820
539948
54
540021
540024
540054
540171
540207
540213
540214
540293
540299
540364
540421
54044
540456
540462
540486
540519
540587
540608
540627
540685
54074
540757
540846
540854
540862
540934
540953
541049
541064
541139
541172
541175
541185
541245
541298
541417
541419
541431
541480
541515
541516
541640
541656
54168
54178
541801
541814
54182
541918
541928
541930
541932
541942
541959
541961
541970
541994
542038
54204
54207
542138
54222
542246
542252
542307
542308
542356
54237
542408
542493
542528
542607
54265
542664
542678
54269
542733
542743
542864
542865
542868
542889
542890
542891
542893
542915
542955
542979
543005
543045
543106
54316
543189
543253
543268
54336
543367
543408
543414
543434
543459
543502
543503
543550
543618
543619
543620
543652
543653
543666
543679
543680
5437
54375
543772
543788
543799
543839
543992
544099
544101
544121
544135
54424
544242
544257
544308
544323
544399
544593
544663
544664
544666
544796
544840
544898
544934
544939
544964
54519
54528
54536
5456
54586
545966
546303
5465
546586
546671
546859
546860
546926
547111
547342
547343
547406
547471
547527
547604
54773
547755
548103
548116
548255
54847
548482
5486
54912
54958
55028
55043
55047
55107
55243
55312
55386
55388
55457
55481
55491
55494
55591
55637
55648
55674
55712
55714
55719
55727
5582
55884
55907
55931
56058
56155
56208
56270
56285
56335
56368
56436
56570
56618
56630
56685
56773
56822
56946
57001
57014
57062
57073
57217
5726
5728
57289
5734
57365
57369
57383
57444
57455
5747
57472
57600
57621
57636
57643
57683
57748
57824
57868
57920
58088
5829
58350
58392
58422
58441
58469
58514
58522
58633
58675
58742
58829
58848
58900
5892
58975
58977
58989
59093
59102
5912
59130
59151
59223
59228
59313
59509
59514
59532
59577
59578
59613
59662
59710
59729
59759
59813
59821
599
59908
59912
60002
60074
60095
60211
60236
60243
60344
60349
6035
60426
60469
60502
60508
60549
60559
60593
60627
60683
60708
60709
60792
60856
60866
60897
609
6092
60937
60967
60979
61091
61099
61142
61148
61167
61178
61182
61195
61308
61337
61405
61530
61601
61602
6165
6170
61731
61872
61879
61894
61917
61938
61988
62113
6213
62163
62164
62211
62212
6224
62296
6231
62352
62427
62450
62494
62648
62649
62692
62738
62812
62813
62861
62919
62953
62960
62962
62992
6304
63045
63076
63176
63198
63247
63368
63381
63495
6351
63572
63631
6372
63725
63848
63856
63867
6394
63970
64051
64131
64191
64252
64259
64291
64313
64498
64741
64751
64808
64869
64882
64999
65004
65008
65021
65047
65060
6509
65267
65312
65322
65360
65390
65503
65534
65611
65878
6596
66078
66081
66096
66284
66334
66338
66395
66396
66413
66520
66574
66620
66628
6664
66647
66766
66787
66845
66912
67016
67055
67062
67111
67152
67186
67190
67221
67232
67316
67330
67395
67412
67464
67500
67586
67608
67649
67693
67747
67777
67883
6790
67936
67976
67982
67990
68020
68039
68103
68113
68136
68149
68151
68164
68214
68284
68430
68431
68489
6854
68582
68641
6866
68779
68823
68852
68871
68954
68955
68969
6899
69001
69033
69059
69077
69083
69261
69314
69337
6936
69404
69474
69540
69639
69805
6984
69843
69880
69992
70004
7001
70100
70108
70124
70193
70198
70287
70301
70350
70392
70409
70488
70500
70588
70601
70623
70717
70797
7083
70863
70878
7099
7100
71069
71107
71187
71354
71643
71651
71674
71686
71689
71691
71714
71772
72090
7219
72215
72226
72494
72549
72700
72733
72777
72864
72949
72977
72994
73031
73067
73083
73086
73184
73243
73329
73388
73390
73466
73477
73543
73601
73606
73615
73661
73676
73723
73765
73772
73891
73922
73927
74013
74023
74029
74034
74066
74160
74163
74213
74217
74249
74283
74289
74300
74313
74354
74447
74490
74497
74522
74745
74795
74862
74895
74914
74921
74997
75000
75004
75123
75131
75157
75169
75175
75286
75287
75306
7531
75316
7548
75510
75576
7563
75731
75789
7580
75808
75824
75858
75941
75966
75969
7606
76076
76087
76246
76261
76293
76302
7644
76467
7651
76514
76588
76608
76615
7667
76728
76799
76857
76927
77024
77064
771
77102
77110
7717
77227
77284
77307
77445
77453
77482
77713
77776
77793
77823
77947
77973
78005
78137
78191
78205
78242
78311
7834
78359
78412
78426
78488
78497
78534
78535
78589
78652
78826
78836
78875
78909
78953
78957
79070
79164
7923
79233
79265
79273
79274
79444
79625
79671
79786
79797
79870
79941
80072
80116
80144
80214
8026
80308
80361
80379
80392
80426
80429
80433
80442
80447
8050
80512
80532
80680
80954
81011
81019
81071
81128
81166
8120
81205
81228
81303
81327
81384
81482
81552
8157
81591
81593
8162
81664
81858
81957
81958
8203
82113
82225
82245
82457
82549
82648
82730
8285
8287
82894
82924
82953
82959
82995
83064
83103
83218
8323
83324
83334
8334
83347
83469
835
83510
83556
83592
83599
83615
83619
83623
83649
83762
83854
83856
83901
83906
83996
84016
84055
84104
84106
84112
84217
84256
84285
84342
84384
84409
84639
8466
8469
84693
8481
84836
85033
85039
85046
85096
852
85206
85219
85270
85308
8533
85427
8546
85486
85494
85524
8558
85664
85733
85809
85822
85871
85900
85939
85948
85960
85979
85992
86141
86168
8619
86199
86257
86455
86563
86570
86724
86735
8680
86908
8692
86967
87071
87073
87081
87261
873
87318
87403
87423
87466
87508
87659
87694
87698
87699
87702
87721
87769
87810
87846
87858
8787
87932
87944
88030
88172
8826
88379
88501
88567
88617
88632
8866
88684
88760
88789
88809
88924
88974
88999
89049
89052
89055
89061
89137
89139
89208
89278
89452
89528
89532
89572
89597
89676
89678
89837
89970
89971
89972
90017
90018
90096
90138
90166
90205
90239
90284
90295
90297
9030
90360
90431
90445
90508
90546
90567
90577
90595
90608
90704
90726
90731
90734
90820
90872
90938
9098
9100
91182
91196
91212
91252
91330
91450
91468
91552
91592
91645
91655
9169
91765
91773
91784
91816
91927
91931
92025
9210
92198
92249
924
92451
92465
92608
92800
92834
92955
93003
93086
93106
93112
93187
9323
93256
93274
93341
93372
93385
93403
93424
93478
93547
93556
93642
9372
93746
93789
93813
9382
93866
93948
93974
94083
94085
94157
94163
94166
94201
94208
94267
94320
94324
9453
94531
94558
94571
94727
94796
94800
94855
94879
94931
951
95142
95177
95192
95225
95344
95353
95376
95461
95586
95587
95613
95647
95685
95736
95788
95834
95958
96125
96130
96236
96237
96239
96430
96488
96500
9656
96612
96688
96689
96725
96760
96828
96847
96868
96938
96981
97023
97106
97128
97129
97202
97219
97257
97264
97561
97682
97717
97893
98075
98199
98270
98335
9834
98368
98536
98588
98625
98663
98669
98725
98764
98845
98883
9893
98930
98963
98986
99000
99005
99026
99127
99182
99183
99188
99219
99270
99302
99360
99435
99443
99505
99560
99573
99659
99780
99811
99819
99850
99883
